-- // converted using mech's animoduler
local cfr = CFrame.new

return {{tm=0;["Torso"]={cf=cfr(0,0,-.08,.966,.259,0,-.259,.966,0,0,0,1);es="Linear";ed="In";};["Left Leg"]={cf=cfr(-.191,.002,.264,.844,-.153,.515,.173,.985,.009,-.508,.082,.857);es="Linear";ed="In";};["Right Arm"]={cf=cfr(-.012,-.516,-.085,.171,-.606,.777,.985,.123,-.12,-.023,.786,.618);es="Linear";ed="In";};["Left Arm"]={cf=cfr(-.303,-.165,-.182,-.715,.506,-.482,-.399,.27,.876,.573,.819,.009);es="Linear";ed="In";};["Head"]={cf=cfr(0,0,0,.978,-.208,0,.208,.978,0,0,0,1);es="Linear";ed="In";};["Right Leg"]={cf=cfr(.259,.261,.074,.952,-.134,-.276,.139,.99,0,.273,-.038,.961);es="Linear";ed="In";};};{tm=.091;["Torso"]={cf=cfr(0,0,-.18,.966,.259,0,-.259,.966,0,0,0,1);es="Linear";ed="In";};["Left Leg"]={cf=cfr(-.191,.002,.264,.831,-.211,.515,.242,.97,.009,-.501,.117,.857);es="Linear";ed="In";};["Right Arm"]={cf=cfr(.291,-.42,-.096,-.206,-.14,.968,.807,.536,.249,-.554,.833,.002);es="Linear";ed="In";};["Left Arm"]={cf=cfr(-.41,-.227,-.325,-.543,.566,-.62,-.541,.328,.774,.642,.756,.128);es="Linear";ed="In";};["Right Leg"]={cf=cfr(.23,-.026,.066,.952,-.134,-.276,.139,.99,0,.273,-.038,.961);es="Linear";ed="In";};};{tm=.152;["Torso"]={cf=cfr(0,0,-.21,.966,.259,0,-.259,.966,0,0,0,1);es="Linear";ed="In";};["Right Arm"]={cf=cfr(.291,-.42,-.096,-.226,-.106,.968,.881,.403,.249,-.416,.909,.002);es="Linear";ed="In";};["Left Arm"]={cf=cfr(-.411,-.227,-.325,-.378,.687,-.62,-.438,.457,.774,.815,.565,.128);es="Linear";ed="In";};["Right Leg"]={cf=cfr(.224,.014,.064,.959,-.067,-.276,.07,.998,0,.275,-.019,.961);es="Linear";ed="In";};};{tm=.212;["Torso"]={cf=cfr(0,0,-.15,.966,.259,0,-.259,.966,0,0,0,1);es="Linear";ed="In";};["Left Leg"]={cf=cfr(-.215,.098,.231,.857,-.07,.511,.035,.996,.078,-.515,-.049,.856);es="Linear";ed="In";};["Right Arm"]={cf=cfr(.291,-.42,-.096,.01,-.318,.948,1,.028,-.001,-.027,.948,.318);es="Linear";ed="In";};["Left Arm"]={cf=cfr(-.621,-.787,-.047,-.723,.01,-.691,-.5,-.697,.514,-.476,.717,.509);es="Linear";ed="In";};["Right Leg"]={cf=cfr(.224,.179,.023,.959,-.018,-.283,.07,.982,.173,.275,-.186,.943);es="Linear";ed="In";};};{tm=.273;["Torso"]={cf=cfr(0,0,-.14,.966,.259,0,-.259,.966,0,0,0,1);es="Linear";ed="In";};["Left Leg"]={cf=cfr(-.167,.226,.164,.857,-.123,.501,.035,.983,.182,-.515,-.139,.846);es="Linear";ed="In";};["Right Arm"]={cf=cfr(.634,-.599,-.216,-.625,-.199,.755,.566,-.781,.263,.537,.592,.601);es="Linear";ed="In";};["Left Arm"]={cf=cfr(-.621,-.787,-.047,-.72,.007,-.694,-.425,-.795,.433,-.549,.606,.576);es="Linear";ed="In";};["Right Leg"]={cf=cfr(.021,.082,-.04,.931,-.018,-.366,.085,.982,.166,.356,-.186,.916);es="Linear";ed="In";};};{tm=.333;["Left Leg"]={cf=cfr(-.167,.226,.164,.82,-.123,.559,.022,.983,.184,-.572,-.139,.808);es="Linear";ed="In";};["Right Arm"]={cf=cfr(.634,-.599,-.216,-.625,-.5,.6,.566,-.819,-.092,.537,.282,.795);es="Linear";ed="In";};["Left Arm"]={cf=cfr(-.621,-.787,-.047,-.851,.369,-.373,-.524,-.641,.56,-.033,.673,.739);es="Linear";ed="In";};["Right Leg"]={cf=cfr(-.108,.056,-.087,.924,-.115,-.366,.187,.968,.166,.335,-.222,.916);es="Linear";ed="In";};};{tm=.394;["Torso"]={cf=cfr(.02,-.004,-.14,.978,.208,0,-.208,.978,0,0,0,1);es="Linear";ed="In";};["Left Leg"]={cf=cfr(-.247,.214,.222,.802,-.208,.559,.124,.975,.184,-.584,-.078,.808);es="Linear";ed="In";};["Right Arm"]={cf=cfr(.637,-.404,-.417,-.625,-.011,.78,.566,-.694,.444,.537,.72,.44);es="Linear";ed="In";};["Left Arm"]={cf=cfr(-.739,-.654,-.058,-.877,-.058,-.476,-.479,.032,.877,-.036,.998,-.056);es="Linear";ed="In";};["Right Leg"]={cf=cfr(.067,.091,-.024,.924,-.103,-.369,.187,.962,.2,.335,-.254,.907);es="Linear";ed="In";};};{tm=.455;["Torso"]={cf=cfr(.098,-.021,-.23,.978,.208,0,-.208,.978,0,0,0,1);es="Linear";ed="In";};["Right Arm"]={cf=cfr(.754,-.25,-.78,-.151,-.607,.78,.817,.367,.444,-.556,.705,.44);es="Linear";ed="In";};["Left Arm"]={cf=cfr(-.879,-.629,-.341,-.397,.226,-.89,-.821,.347,.454,.411,.91,.048);es="Linear";ed="In";};["Right Leg"]={cf=cfr(.067,.091,-.024,.924,-.096,-.371,.187,.958,.217,.335,-.27,.903);es="Linear";ed="In";};};{tm=.545;["Right Arm"]={cf=cfr(.754,-.25,-.78,.098,-.617,.781,.609,.657,.444,-.787,.432,.44);es="Linear";ed="In";};["Left Arm"]={cf=cfr(-.879,-.629,-.341,-.27,.368,-.89,-.609,.65,.454,.746,.664,.048);es="Linear";ed="In";};["Right Leg"]={cf=cfr(.067,.091,-.024,.907,-.031,-.419,.131,.969,.21,.399,-.246,.883);es="Linear";ed="In";};};{tm=.606;["Right Arm"]={cf=cfr(.506,-.42,-.336,.637,-.77,-.017,.74,.606,.292,-.215,-.199,.956);es="Linear";ed="In";};["Left Arm"]={cf=cfr(-.565,-.448,-.44,.548,.765,-.339,-.729,.635,.255,.41,.108,.906);es="Linear";ed="In";};["Head"]={cf=cfr(0,0,0,.978,-.205,.033,.208,.966,-.153,0,.156,.988);es="Linear";ed="In";};["Right Leg"]={cf=cfr(.185,.09,.032,.903,.095,-.419,-.005,.978,.21,.43,-.188,.883);es="Linear";ed="In";};};{tm=.667;["Torso"]={cf=cfr(.098,-.021,-.14,.978,.208,0,-.208,.978,0,0,0,1);es="Linear";ed="In";};["Right Arm"]={cf=cfr(.303,-.136,.02,.625,-.158,-.764,.553,.781,.291,.551,-.604,.575);es="Linear";ed="In";};["Left Arm"]={cf=cfr(-.249,.004,.312,.625,.147,.767,-.319,.944,.079,-.712,-.294,.637);es="Linear";ed="In";};["Right Leg"]={cf=cfr(.602,.389,.079,.597,.77,-.227,-.622,.622,.476,.508,-.143,.849);es="Linear";ed="In";};};{tm=.697;["Left Leg"]={cf=cfr(-.234,.135,.223,.802,-.158,.575,.124,.987,.098,-.584,-.007,.812);es="Linear";ed="In";};["Right Arm"]={cf=cfr(.303,-.136,.02,.584,-.274,-.764,.691,.661,.291,.426,-.698,.575);es="Linear";ed="In";};["Left Arm"]={cf=cfr(-.249,.004,.312,.524,.371,.767,-.65,.756,.079,-.55,-.54,.637);es="Linear";ed="In";};["Right Leg"]={cf=cfr(.753,.379,.125,.408,.905,-.117,-.746,.405,.53,.527,-.129,.84);es="Linear";ed="In";};};{tm=.727;["Torso"]={cf=cfr(.098,-.021,-.12,.978,.208,0,-.208,.978,0,0,0,1);es="Linear";ed="In";};["Left Leg"]={cf=cfr(-.232,.115,.224,.8,-.172,.575,.142,.985,.098,-.584,.003,.812);es="Linear";ed="In";};["Right Arm"]={cf=cfr(.303,-.136,.02,.463,-.449,-.764,.869,.4,.291,.175,-.799,.575);es="Linear";ed="In";};["Left Arm"]={cf=cfr(-.249,.004,.312,.338,.546,.767,-.894,.442,.079,-.295,-.712,.637);es="Linear";ed="In";};["Head"]={cf=cfr(0,0,0,.978,-.201,.054,.208,.945,-.253,0,.259,.966);es="Linear";ed="In";};["Right Leg"]={cf=cfr(.7,.287,.163,.132,.986,.1,-.849,.06,.525,.511,-.154,.845);es="Linear";ed="In";};};{tm=.758;["Left Leg"]={cf=cfr(-.232,.115,.224,.802,-.158,.575,.124,.987,.098,-.584,-.007,.812);es="Linear";ed="In";};["Right Arm"]={cf=cfr(.346,.083,-.033,.187,-.617,-.764,.954,-.071,.291,-.234,-.784,.575);es="Linear";ed="In";};["Left Arm"]={cf=cfr(-.538,.094,.224,.279,.578,.767,-.935,.346,.079,-.219,-.739,.637);es="Linear";ed="In";};["Right Leg"]={cf=cfr(.849,-.17,.224,-.19,.968,.165,-.877,-.242,.415,.441,-.066,.895);es="Linear";ed="In";};};{tm=.788;["Left Leg"]={cf=cfr(-.232,.115,.224,.807,-.13,.575,.09,.991,.098,-.583,-.028,.812);es="Linear";ed="In";};["Right Arm"]={cf=cfr(.346,.083,-.033,.187,-.617,-.764,.954,-.071,.291,-.234,-.784,.575);es="Linear";ed="In";};["Left Arm"]={cf=cfr(-.538,.094,.224,.279,.578,.767,-.935,.346,.079,-.219,-.739,.637);es="Linear";ed="In";};["Right Leg"]={cf=cfr(.849,-.17,.224,-.19,.968,.165,-.877,-.242,.415,.441,-.066,.895);es="Linear";ed="In";};};{tm=.818;["Torso"]={cf=cfr(.098,-.02,-.12,.978,.208,-.011,-.208,.977,-.051,0,.052,.999);es="Linear";ed="In";};["Left Leg"]={cf=cfr(-.232,.115,.224,.816,-.059,.575,.003,.995,.098,-.578,-.078,.812);es="Linear";ed="In";};["Right Arm"]={cf=cfr(.346,.083,-.033,.311,-.565,-.764,.948,.128,.291,-.066,-.815,.575);es="Linear";ed="In";};["Left Arm"]={cf=cfr(-.538,.094,.224,.142,.626,.767,-.989,.127,.079,-.048,-.769,.637);es="Linear";ed="In";};["Right Leg"]={cf=cfr(.797,-.332,.309,-.273,.948,.165,-.853,-.318,.415,.445,-.027,.895);es="Linear";ed="In";};};{tm=.848;["Left Arm"]={cf=cfr(-.524,-.005,.22,.331,.626,.706,-.937,.127,.327,.115,-.769,.629);es="Linear";ed="In";};["Right Leg"]={cf=cfr(.767,-.068,.192,.102,.981,.165,-.91,.025,.415,.403,-.192,.895);es="Linear";ed="In";};};{tm=.879;["Right Arm"]={cf=cfr(.302,-.05,-.024,.311,-.565,-.764,.948,.128,.291,-.066,-.815,.575);es="Linear";ed="In";};["Left Arm"]={cf=cfr(-.516,-.054,.217,.506,.626,.593,-.817,.127,.563,.277,-.769,.576);es="Linear";ed="In";};["Right Leg"]={cf=cfr(.985,.023,.11,.462,.872,.165,-.834,.364,.415,.302,-.329,.895);es="Linear";ed="In";};};{tm=.909;["Torso"]={cf=cfr(.098,-.02,-.12,.978,.208,-.011,-.208,.977,-.051,0,.052,.999);es="Linear";ed="In";};["Right Arm"]={cf=cfr(.302,-.05,-.024,.34,-.548,-.764,.94,.178,.291,-.023,-.818,.575);es="Linear";ed="In";};["Left Arm"]={cf=cfr(-.517,-.054,.217,.506,.626,.593,-.817,.127,.563,.277,-.769,.576);es="Linear";ed="In";};["Right Leg"]={cf=cfr(1.253,.373,-.102,.684,.711,.165,-.702,.579,.415,.199,-.399,.895);es="Linear";ed="In";};};{tm=.97;["Torso"]={cf=cfr(.098,-.02,-.12,.978,.208,.006,-.207,.977,-.055,-.017,.052,.998);es="Linear";ed="In";};["Right Arm"]={cf=cfr(.18,-.449,.015,.291,-.575,-.764,.952,.095,.291,-.095,-.812,.575);es="Linear";ed="In";};["Left Arm"]={cf=cfr(-.415,-.217,.273,.506,.626,.593,-.817,.127,.563,.277,-.769,.576);es="Linear";ed="In";};["Right Leg"]={cf=cfr(1.076,.628,-.188,.926,.362,.103,-.377,.888,.265,.004,-.284,.959);es="Linear";ed="In";};};{tm=1;["Torso"]={cf=cfr(.098,-.02,-.12,.978,.208,.006,-.207,.977,-.055,-.017,.052,.998);es="Linear";ed="In";};["Right Arm"]={cf=cfr(.18,-.449,.015,.291,-.575,-.764,.952,.095,.291,-.095,-.812,.575);es="Linear";ed="In";};["Left Arm"]={cf=cfr(-.415,-.217,.273,.506,.626,.593,-.817,.127,.563,.277,-.769,.576);es="Linear";ed="In";};["Right Leg"]={cf=cfr(1.076,.628,-.188,.926,.362,.103,-.377,.888,.265,.004,-.284,.959);es="Linear";ed="In";};};{tm=1.03;["Torso"]={cf=cfr(.097,-.017,-.19,.978,.208,.006,-.207,.977,-.055,-.017,.052,.998);es="Linear";ed="In";};["Right Arm"]={cf=cfr(.192,-.755,.186,-.035,-.644,-.764,.872,-.393,.291,-.488,-.656,.575);es="Linear";ed="In";};["Left Arm"]={cf=cfr(-.263,-.462,.356,.506,.626,.593,-.817,.127,.563,.277,-.769,.576);es="Linear";ed="In";};["Right Leg"]={cf=cfr(-.046,.131,.001,.981,-.167,-.103,.186,.955,.231,.06,-.246,.968);es="Linear";ed="In";};};{tm=1.121;["Right Arm"]={cf=cfr(.379,-.005,-.165,.835,-.185,-.519,.05,.963,-.263,.549,.194,.813);es="Linear";ed="In";};["Left Arm"]={cf=cfr(-.468,-.311,-.267,-.184,.09,-.979,-.424,.891,.162,.887,.444,-.126);es="Linear";ed="In";};};{tm=1.182;["Right Arm"]={cf=cfr(.379,-.005,-.165,.98,-.185,-.066,.168,.963,-.209,.103,.194,.976);es="Linear";ed="In";};["Left Arm"]={cf=cfr(-.468,-.311,-.267,-.179,.126,-.976,-.647,.732,.213,.741,.67,-.049);es="Linear";ed="In";};};{tm=1.242;["Right Arm"]={cf=cfr(.016,-.067,-.203,.758,-.14,-.637,.258,.961,.096,.599,-.237,.765);es="Linear";ed="In";};["Left Arm"]={cf=cfr(-.493,-.766,-.541,-.704,.288,-.649,-.568,.319,.758,.425,.903,-.061);es="Linear";ed="In";};["Head"]={cf=cfr(0,0,0,.978,-.208,-.007,.208,.978,.034,0,-.035,.999);es="Linear";ed="In";};["Right Leg"]={cf=cfr(-.046,.131,.001,.862,-.167,-.478,.262,.955,.14,.433,-.246,.867);es="Linear";ed="In";};};{tm=1.303;["Right Arm"]={cf=cfr(.404,.041,.426,.689,.342,-.639,.621,.178,.764,.375,-.923,-.09);es="Linear";ed="In";};["Left Arm"]={cf=cfr(-.305,-.553,-.383,-.697,.427,-.576,-.621,.04,.782,.357,.904,.237);es="Linear";ed="In";};};{tm=1.394;["Right Arm"]={cf=cfr(.365,-.021,.274,.743,.492,-.453,.492,.058,.869,.454,-.868,-.199);es="Linear";ed="In";};["Left Arm"]={cf=cfr(-.253,-.545,-.355,-.769,.101,-.631,-.638,-.166,.752,-.029,.981,.192);es="Linear";ed="In";};};{tm=1.485;["Torso"]={cf=cfr(.099,-.008,-.338,.982,.191,-.011,-.191,.98,-.051,.001,.053,.999);es="Linear";ed="In";};["Left Leg"]={cf=cfr(-.229,.37,.222,.691,-.196,.696,-.016,.958,.285,-.723,-.208,.659);es="Linear";ed="In";};["Right Arm"]={cf=cfr(.288,-.144,-.031,.885,-.133,-.446,.214,.967,.136,.413,-.216,.885);es="Linear";ed="In";};["Left Arm"]={cf=cfr(-.149,-.53,-.3,-.305,.599,-.74,-.514,.551,.658,.802,.581,.139);es="Linear";ed="In";};["Right Leg"]={cf=cfr(-.124,.245,.089,.862,-.167,-.478,.262,.955,.14,.433,-.246,.867);es="Linear";ed="In";};};{tm=1.576;["Torso"]={cf=cfr(.099,-.008,-.338,.98,.191,-.062,-.193,.98,-.041,.053,.053,.997);es="Linear";ed="In";};["Left Leg"]={cf=cfr(-.215,.182,.239,.691,-.034,.722,-.016,.998,.062,-.723,-.054,.689);es="Linear";ed="In";};["Right Arm"]={cf=cfr(.206,-.166,-.824,.494,-.343,.799,.866,.275,-.418,-.076,.898,.433);es="Linear";ed="In";};["Left Arm"]={cf=cfr(.077,.256,.27,.604,.295,-.74,.56,.504,.658,.567,-.812,.139);es="Linear";ed="In";};["Right Leg"]={cf=cfr(-.105,.149,.109,.862,-.191,-.468,.262,.961,.089,.433,-.2,.879);es="Linear";ed="In";};};{tm=1.667;["Torso"]={cf=cfr(.099,-.008,-.338,.981,.191,-.045,-.193,.98,-.045,.036,.053,.998);es="Linear";ed="In";};["Right Arm"]={cf=cfr(.206,-.166,-.824,.494,-.17,.853,.866,.182,-.466,-.076,.969,.237);es="Linear";ed="In";};["Left Arm"]={cf=cfr(.077,.256,.27,.792,.23,-.566,.432,.443,.786,.431,-.867,.251);es="Linear";ed="In";};};{tm=1.758;["Torso"]={cf=cfr(.099,-.008,-.338,.982,.191,-.011,-.191,.98,-.051,.001,.053,.999);es="Linear";ed="In";};["Left Leg"]={cf=cfr(-.229,.29,.223,.691,-.134,.71,-.016,.98,.2,-.723,-.15,.675);es="Linear";ed="In";};["Right Arm"]={cf=cfr(.206,-.166,-.824,-.415,-.17,.894,.878,.182,.442,-.237,.969,.074);es="Linear";ed="In";};["Left Arm"]={cf=cfr(.077,.256,.27,.963,.23,.143,-.235,.443,.865,.136,-.867,.48);es="Linear";ed="In";};["Right Leg"]={cf=cfr(-.098,.214,.054,.862,-.09,-.498,.262,.921,.287,.433,-.378,.818);es="Linear";ed="In";};};{tm=1.818;["Torso"]={cf=cfr(.119,-.012,-.338,.982,.191,-.011,-.191,.98,-.051,.001,.053,.999);es="Linear";ed="In";};["Right Arm"]={cf=cfr(.206,-.166,-.824,-.564,-.17,.808,.788,.182,.588,-.247,.969,.031);es="Linear";ed="In";};["Left Arm"]={cf=cfr(.077,.256,.27,.762,.23,.605,-.636,.443,.632,-.122,-.867,.484);es="Linear";ed="In";};};{tm=1.909;["Right Arm"]={cf=cfr(.038,-.686,-.023,.071,-.465,.882,.983,.185,.019,-.172,.866,.47);es="Linear";ed="In";};["Left Arm"]={cf=cfr(-.45,-.379,.187,.009,.23,.973,-.892,.443,-.096,-.453,-.867,.209);es="Linear";ed="In";};};{tm=2;["Right Arm"]={cf=cfr(.038,-.686,-.023,.071,-.99,.125,.983,.091,.162,-.172,.111,.979);es="Linear";ed="In";};["Left Arm"]={cf=cfr(-.268,-.314,.062,.009,.791,.611,-.892,.283,-.353,-.453,-.542,.708);es="Linear";ed="In";};};{tm=2.091;["Left Leg"]={cf=cfr(-.155,.266,.003,.691,-.134,.71,-.016,.98,.2,-.723,-.15,.675);es="Linear";ed="In";};["Right Arm"]={cf=cfr(.038,-.686,-.023,-.011,-.99,.143,.724,.091,.684,-.69,.111,.715);es="Linear";ed="In";};["Left Arm"]={cf=cfr(-.168,-.764,-.102,.14,.938,.316,-.82,-.07,.569,.556,-.339,.759);es="Linear";ed="In";};["Right Leg"]={cf=cfr(.083,.269,.145,.862,-.167,-.478,.262,.955,.14,.433,-.246,.867);es="Linear";ed="In";};};{tm=2.182;["Torso"]={cf=cfr(.117,-.02,-.189,.982,.191,-.011,-.191,.98,-.051,.001,.053,.999);es="Linear";ed="In";};["Left Leg"]={cf=cfr(-.093,.261,.191,.577,-.379,.724,.384,.908,.169,-.721,.181,.669);es="Linear";ed="In";};["Right Arm"]={cf=cfr(.276,-.292,-.062,.324,-.681,-.657,.889,-.018,.457,-.323,-.732,.6);es="Linear";ed="In";};["Left Arm"]={cf=cfr(-.183,-.41,.394,.773,.565,.288,-.193,-.223,.956,.604,-.794,-.064);es="Linear";ed="In";};["Right Leg"]={cf=cfr(.084,.269,.145,.84,.232,-.491,-.217,.972,.089,.498,.032,.867);es="Linear";ed="In";};};{tm=2.273;["Torso"]={cf=cfr(.12,-.006,-.458,.982,.191,-.011,-.191,.98,-.051,.001,.053,.999);es="Linear";ed="In";};["Left Leg"]={cf=cfr(-.119,-.176,.05,.638,.055,.768,.204,.95,-.238,-.742,.308,.595);es="Linear";ed="In";};["Right Arm"]={cf=cfr(.276,-.292,-.062,-.313,-.686,-.657,.558,-.693,.457,-.768,-.223,.6);es="Linear";ed="In";};["Left Arm"]={cf=cfr(-.183,-.41,.394,.084,.782,.617,-.35,-.557,.753,.933,-.279,.227);es="Linear";ed="In";};["Right Leg"]={cf=cfr(.332,.004,.313,.622,.61,-.491,-.661,.745,.089,.42,.269,.867);es="Linear";ed="In";};};{tm=2.364;["Left Leg"]={cf=cfr(-.038,-.141,-.074,.638,.055,.768,.204,.95,-.238,-.742,.308,.595);es="Linear";ed="In";};["Right Arm"]={cf=cfr(.276,-.292,-.062,-.202,-.726,-.657,.659,-.597,.457,-.724,-.341,.6);es="Linear";ed="In";};["Left Arm"]={cf=cfr(-.183,-.41,.394,.586,.525,.617,-.633,-.179,.753,.506,-.832,.227);es="Linear";ed="In";};["Right Leg"]={cf=cfr(.008,-.03,.214,.622,.61,-.491,-.661,.745,.089,.42,.269,.867);es="Linear";ed="In";};};{tm=2.455;["Torso"]={cf=cfr(.122,.004,-.648,.982,.191,-.011,-.191,.98,-.051,.001,.053,.999);es="Linear";ed="In";};["Left Leg"]={cf=cfr(-.038,-.141,-.074,.638,.252,.727,.204,.856,-.476,-.742,.452,.495);es="Linear";ed="In";};["Right Arm"]={cf=cfr(.211,-.527,.046,-.202,-.726,-.657,.659,-.597,.457,-.724,-.341,.6);es="Linear";ed="In";};["Left Arm"]={cf=cfr(.071,-.652,.33,.586,.525,.617,-.633,-.179,.753,.506,-.832,.227);es="Linear";ed="In";};["Right Leg"]={cf=cfr(.008,-.03,.214,.469,.735,-.491,-.812,.577,.089,.348,.357,.867);es="Linear";ed="In";};};{tm=2.545;["Torso"]={cf=cfr(.121,-.001,-.558,.982,.191,-.011,-.191,.98,-.051,.001,.053,.999);es="Linear";ed="In";};["Left Leg"]={cf=cfr(-.039,-.141,-.074,.667,.006,.745,.321,.9,-.295,-.672,.436,.598);es="Linear";ed="In";};["Right Arm"]={cf=cfr(.211,-.527,.046,-.202,-.977,-.07,.659,-.189,.728,-.724,.101,.682);es="Linear";ed="In";};["Left Arm"]={cf=cfr(.072,-.652,.33,.043,.904,.425,-.321,-.39,.863,.946,-.173,.273);es="Linear";ed="In";};["Right Leg"]={cf=cfr(.05,.023,.232,.643,.588,-.491,-.635,.768,.089,.429,.254,.867);es="Linear";ed="In";};};{tm=2.636;["Torso"]={cf=cfr(.12,-.006,-.448,.982,.191,-.011,-.191,.98,-.051,.001,.053,.999);es="Linear";ed="In";};["Left Leg"]={cf=cfr(.119,-.072,.116,.667,-.174,.724,.321,.945,-.068,-.672,.278,.686);es="Linear";ed="In";};["Right Arm"]={cf=cfr(.445,-.36,.132,-.373,-.715,-.591,.518,-.689,.507,-.77,-.117,.627);es="Linear";ed="In";};["Left Arm"]={cf=cfr(-.202,-.367,.439,-.178,.647,.741,-.101,-.761,.64,.979,.039,.201);es="Linear";ed="In";};["Right Leg"]={cf=cfr(.123,-.155,.326,.643,.588,-.491,-.635,.768,.089,.429,.254,.867);es="Linear";ed="In";};};{tm=2.727;["Left Leg"]={cf=cfr(-.661,.04,.424,.887,-.366,.282,.399,.915,-.068,-.233,.172,.957);es="Linear";ed="In";};["Right Arm"]={cf=cfr(.287,-.153,-.115,-.442,-.715,-.541,.576,-.689,.44,-.688,-.117,.716);es="Linear";ed="In";};["Left Arm"]={cf=cfr(-.055,-.259,.106,-.387,.647,.657,-.284,-.761,.583,.877,.039,.479);es="Linear";ed="In";};["Right Leg"]={cf=cfr(.268,.127,.113,.831,.262,-.491,-.251,.964,.089,.496,.049,.867);es="Linear";ed="In";};};{tm=2.818;["Torso"]={cf=cfr(.123,.004,-.658,.982,.191,-.011,-.191,.98,-.051,.001,.053,.999);es="Linear";ed="In";};["Left Leg"]={cf=cfr(-.72,.331,.14,.984,-.134,.116,.094,.951,.295,-.15,-.28,.948);es="Linear";ed="In";};["Right Arm"]={cf=cfr(.287,-.153,-.115,-.669,-.509,-.541,.291,-.849,.44,-.684,.137,.716);es="Linear";ed="In";};["Left Arm"]={cf=cfr(-.055,-.259,.106,-.219,.722,.657,-.46,-.67,.583,.861,-.174,.479);es="Linear";ed="In";};["Right Leg"]={cf=cfr(.441,.366,-.148,.922,.149,-.357,.027,.896,.443,.386,-.419,.822);es="Linear";ed="In";};};{tm=2.909;["Left Leg"]={cf=cfr(-.72,.331,.14,.984,-.127,.123,.094,.965,.245,-.15,-.23,.962);es="Linear";ed="In";};["Right Arm"]={cf=cfr(.287,-.153,-.115,-.391,-.744,-.541,.622,-.647,.44,-.678,-.165,.716);es="Linear";ed="In";};["Left Arm"]={cf=cfr(-.055,-.259,.105,.344,.671,.657,-.796,-.163,.583,.498,-.723,.479);es="Linear";ed="In";};["Right Leg"]={cf=cfr(.382,.283,-.001,.922,.045,-.384,.027,.983,.179,.386,-.176,.906);es="Linear";ed="In";};};{tm=3;["Torso"]={cf=cfr(.123,.004,-.658,.97,.242,-.011,-.242,.969,-.051,-.002,.053,.999);es="Linear";ed="In";};["Left Leg"]={cf=cfr(-1.106,.256,-.063,.938,-.163,-.306,.19,.98,.061,.29,-.115,.95);es="Linear";ed="In";};["Right Arm"]={cf=cfr(.086,-.328,-.16,-.548,-.637,-.541,.461,-.77,.44,-.698,-.008,.716);es="Linear";ed="In";};["Left Arm"]={cf=cfr(-.121,-.207,.309,.401,.296,.867,-.85,-.234,.473,.343,-.926,.158);es="Linear";ed="In";};["Right Leg"]={cf=cfr(.382,.283,-.001,.845,.241,-.478,-.177,.969,.176,.506,-.064,.86);es="Linear";ed="In";};};{tm=3.091;["Torso"]={cf=cfr(.123,.004,-.658,.927,.374,-.011,-.374,.926,-.051,-.009,.052,.999);es="Linear";ed="In";};["Left Leg"]={cf=cfr(-1.064,.237,-.284,.721,-.163,-.674,.198,.98,-.025,.664,-.115,.738);es="Linear";ed="In";};["Right Arm"]={cf=cfr(.161,-.071,-.242,-.481,-.266,.836,.39,-.918,-.068,.785,.293,.545);es="Linear";ed="In";};["Left Arm"]={cf=cfr(-.121,-.207,.309,.416,.275,.867,-.861,-.189,.473,.294,-.943,.158);es="Linear";ed="In";};["Head"]={cf=cfr(0,0,0,.927,-.374,-.007,.374,.927,.034,-.006,-.034,.999);es="Linear";ed="In";};["Right Leg"]={cf=cfr(.151,.353,.177,.59,.241,-.77,-.094,.969,.231,.802,-.064,.594);es="Linear";ed="In";};};{tm=3.182;["Torso"]={cf=cfr(.123,.004,-.658,.996,.087,-.011,-.087,.995,-.051,.006,.052,.999);es="Linear";ed="In";};["Left Leg"]={cf=cfr(-1.104,.255,-.078,.968,-.163,-.19,.181,.98,.084,.172,-.115,.978);es="Linear";ed="In";};["Right Arm"]={cf=cfr(.374,-.411,-.16,-.518,-.838,-.172,.831,-.54,.13,-.202,-.075,.977);es="Linear";ed="In";};["Left Arm"]={cf=cfr(-.139,-.311,-.057,-.076,.996,.054,-.934,-.09,.346,.349,-.024,.937);es="Linear";ed="In";};["Head"]={cf=cfr(0,0,0,.999,-.052,-.007,.052,.998,.034,.005,-.034,.999);es="Linear";ed="In";};["Right Leg"]={cf=cfr(.466,.272,.138,.89,.241,-.388,-.194,.969,.156,.413,-.064,.909);es="Linear";ed="In";};};{tm=3.273;["Torso"]={cf=cfr(.123,.004,-.658,.933,-.359,.022,.359,.932,-.039,-.006,.044,.999);es="Linear";ed="In";};["Left Leg"]={cf=cfr(-.562,.104,.217,.883,-.405,.237,.378,.913,.152,-.278,-.045,.959);es="Linear";ed="In";};["Right Arm"]={cf=cfr(.374,-.411,-.16,-.518,-.566,-.641,.831,-.51,-.221,-.202,-.648,.735);es="Linear";ed="In";};["Head"]={cf=cfr(0,0,0,.961,.276,-.007,-.275,.961,.034,.016,-.031,.999);es="Linear";ed="In";};["Right Leg"]={cf=cfr(.939,.134,-.168,.94,.241,.242,-.249,.969,.004,-.234,-.064,.97);es="Linear";ed="In";};};{tm=3.364;["Torso"]={cf=cfr(.123,.004,-.658,.999,.035,.022,-.034,.999,-.039,-.023,.038,.999);es="Linear";ed="In";};["Left Leg"]={cf=cfr(-.659,.228,.065,.9,-.405,.159,.39,.913,.119,-.194,-.045,.98);es="Linear";ed="In";};["Right Arm"]={cf=cfr(.374,-.411,-.16,-.992,-.011,-.128,.043,-.968,-.248,-.122,-.251,.96);es="Linear";ed="In";};["Left Arm"]={cf=cfr(-.139,-.311,-.057,.115,.737,.666,-.934,-.148,.325,.338,-.66,.671);es="Linear";ed="In";};["Head"]={cf=cfr(0,0,0,.999,-.052,-.007,.052,.998,.034,.005,-.034,.999);es="Linear";ed="In";};["Right Leg"]={cf=cfr(.579,.233,-.017,.969,.241,-.06,-.236,.969,.08,.077,-.064,.995);es="Linear";ed="In";};};{tm=3.455;["Torso"]={cf=cfr(.123,.004,-.658,.966,.258,.022,-.257,.966,-.039,-.031,.032,.999);es="Linear";ed="In";};["Left Leg"]={cf=cfr(-.729,.172,-.287,.935,-.125,-.331,.131,.991,-.005,.329,-.038,.944);es="Linear";ed="In";};["Right Arm"]={cf=cfr(.613,-.591,-.113,-.992,-.054,-.117,.043,-.994,.098,-.122,.093,.988);es="Linear";ed="In";};["Left Arm"]={cf=cfr(.058,-.634,-.096,.517,.537,.666,-.85,.415,.325,-.102,-.734,.671);es="Linear";ed="In";};["Head"]={cf=cfr(0,0,0,.978,-.203,.047,.208,.953,-.22,0,.225,.974);es="Linear";ed="In";};["Right Leg"]={cf=cfr(.173,.346,.159,.77,.188,-.61,-.15,.982,.113,.62,.005,.784);es="Linear";ed="In";};};{tm=3.545;["Torso"]={cf=cfr(.123,.004,-.658,.99,.139,.022,-.138,.99,-.039,-.027,.036,.999);es="Linear";ed="In";};["Left Leg"]={cf=cfr(-.713,.184,-.028,.99,-.125,.061,.122,.991,.046,-.066,-.038,.997);es="Linear";ed="In";};["Right Arm"]={cf=cfr(.591,-.738,.015,-.992,-.092,-.09,.043,-.893,.448,-.122,.441,.889);es="Linear";ed="In";};["Left Arm"]={cf=cfr(.057,-.634,-.096,-.794,.578,-.189,-.498,-.44,.748,.349,.688,.637);es="Linear";ed="In";};["Right Leg"]={cf=cfr(.754,.133,.162,.886,.404,-.228,-.393,.915,.095,.247,.006,.969);es="Linear";ed="In";};};{tm=3.636;["Torso"]={cf=cfr(.12,.009,-.778,.99,.139,.022,-.138,.99,-.039,-.027,.036,.999);es="Linear";ed="In";};["Left Leg"]={cf=cfr(-.685,.3,-.035,.969,.238,.061,-.241,.969,.046,-.048,-.059,.997);es="Linear";ed="In";};["Right Arm"]={cf=cfr(.644,-.22,-.241,-.992,-.092,-.09,.043,-.893,.448,-.122,.441,.889);es="Linear";ed="In";};["Left Arm"]={cf=cfr(-.121,-.186,-.291,-.939,.343,-.032,-.327,-.861,.389,.106,.375,.921);es="Linear";ed="In";};["Head"]={cf=cfr(0,0,0,.978,-.18,.104,.208,.847,-.489,0,.5,.866);es="Linear";ed="In";};["Right Leg"]={cf=cfr(.754,.133,.162,.839,.495,-.228,-.487,.869,.095,.245,.032,.969);es="Linear";ed="In";};};{tm=3.727;["Torso"]={cf=cfr(.117,.015,-.938,1,.017,-.013,-.018,.999,-.038,.013,.039,.999);es="Linear";ed="In";};["Left Leg"]={cf=cfr(-.305,.111,-.049,.345,.937,.061,-.938,.342,.046,.022,-.073,.997);es="Linear";ed="In";};["Right Arm"]={cf=cfr(.263,.129,-.456,-.851,-.456,-.261,.43,-.89,.153,-.302,.018,.953);es="Linear";ed="In";};["Left Arm"]={cf=cfr(-.321,.264,-.285,-.73,.676,.099,-.638,-.727,.255,.244,.123,.962);es="Linear";ed="In";};["Head"]={cf=cfr(0,0,0,.989,-.029,.144,.121,.724,-.679,-.085,.689,.719);es="Linear";ed="In";};["Right Leg"]={cf=cfr(.754,.133,.162,.74,.633,-.228,-.63,.771,.095,.235,.074,.969);es="Linear";ed="In";};};{tm=3.818;["Torso"]={cf=cfr(.113,.005,-.668,1,.017,-.013,-.018,.999,-.038,.013,.039,.999);es="Linear";ed="In";};["Left Leg"]={cf=cfr(-.753,.293,-.03,.996,.066,.061,-.069,.997,.046,-.057,-.05,.997);es="Linear";ed="In";};["Right Arm"]={cf=cfr(-.068,-.301,-.099,.377,-.804,.459,.892,.182,-.414,.25,.566,.786);es="Linear";ed="In";};["Left Arm"]={cf=cfr(.015,-.561,.055,.023,.445,-.895,-.912,-.357,-.201,-.409,.821,.397);es="Linear";ed="In";};["Head"]={cf=cfr(0,0,0,.989,-.075,.127,.121,.906,-.407,-.085,.418,.905);es="Linear";ed="In";};["Right Leg"]={cf=cfr(.443,.11,.091,.792,.566,-.228,-.56,.823,.095,.241,.053,.969);es="Linear";ed="In";};};{tm=3.939;["Left Leg"]={cf=cfr(-.753,.293,-.03,.937,-.345,.061,.342,.938,.046,-.073,-.022,.997);es="Linear";ed="In";};["Right Arm"]={cf=cfr(.583,.206,-.149,.779,-.283,-.56,.065,.924,-.376,.624,.256,.738);es="Linear";ed="In";};["Left Arm"]={cf=cfr(-.616,.194,-.083,.775,.577,.258,-.291,.689,-.664,-.561,.44,.702);es="Linear";ed="In";};["Right Leg"]={cf=cfr(.468,.186,.09,.918,.326,-.228,-.312,.945,.095,.246,-.016,.969);es="Linear";ed="In";};};{tm=4.03;["Torso"]={cf=cfr(.113,.003,-.638,1,.017,-.013,-.018,.999,-.038,.013,.039,.999);es="Linear";ed="In";};["Left Leg"]={cf=cfr(-.436,.273,.148,.828,-.196,.526,.248,.968,-.029,-.504,.154,.85);es="Linear";ed="In";};["Right Arm"]={cf=cfr(.359,.056,.146,.4,.062,-.914,.156,.979,.135,.903,-.197,.382);es="Linear";ed="In";};["Left Arm"]={cf=cfr(-.615,.195,-.083,.813,.286,.508,-.296,.953,-.062,-.502,-.1,.859);es="Linear";ed="In";};["Head"]={cf=cfr(0,0,0,1,-.004,-.004,.003,.991,-.136,.005,.136,.991);es="Linear";ed="In";};["Right Leg"]={cf=cfr(.501,.259,.1,.75,.508,-.424,-.464,.861,.209,.471,.04,.881);es="Linear";ed="In";};};{tm=4.121;["Torso"]={cf=cfr(.114,.007,-.728,1,.017,-.013,-.018,.999,-.038,.013,.039,.999);es="Linear";ed="In";};["Left Leg"]={cf=cfr(-.445,.178,.08,.926,-.073,.37,.089,.996,-.026,-.367,.057,.929);es="Linear";ed="In";};["Right Arm"]={cf=cfr(.074,-.513,-.337,.286,-.288,-.914,.883,.449,.135,.372,-.846,.382);es="Linear";ed="In";};["Left Arm"]={cf=cfr(.087,-.202,-.246,.813,.193,.55,-.296,.949,.104,-.502,-.248,.829);es="Linear";ed="In";};["Right Leg"]={cf=cfr(.53,.245,.038,.901,.296,-.317,-.25,.951,.18,.355,-.083,.931);es="Linear";ed="In";};};{tm=4.242;["Torso"]={cf=cfr(.115,.011,-.828,1,.017,-.013,-.018,.999,-.038,.013,.039,.999);es="Linear";ed="In";};["Left Leg"]={cf=cfr(-.841,.482,.343,.852,-.37,.37,.408,.913,-.026,-.328,.173,.929);es="Linear";ed="In";};["Right Arm"]={cf=cfr(.056,-.528,-.183,.336,-.522,.784,.942,.189,-.278,-.003,.832,.555);es="Linear";ed="In";};["Left Arm"]={cf=cfr(.072,-.345,.202,.999,.033,.035,-.044,.304,.952,.021,-.952,.305);es="Linear";ed="In";};["Right Leg"]={cf=cfr(.901,.553,.395,.811,.492,-.317,-.457,.871,.18,.364,-.002,.931);es="Linear";ed="In";};};{tm=4.333;["Left Leg"]={cf=cfr(-.919,.585,.269,.852,-.37,.37,.408,.913,-.026,-.328,.173,.929);es="Linear";ed="In";};["Right Arm"]={cf=cfr(.103,-.546,-.479,.336,-.158,.928,.942,.059,-.331,-.003,.986,.169);es="Linear";ed="In";};["Left Arm"]={cf=cfr(-.236,-.287,-.414,.327,.53,-.782,-.3,.843,.446,.896,.089,.434);es="Linear";ed="In";};["Right Leg"]={cf=cfr(.947,.619,.376,.811,.492,-.317,-.457,.871,.18,.364,-.002,.931);es="Linear";ed="In";};};{tm=4.424;["Torso"]={cf=cfr(.117,.017,-.988,1,.017,-.013,-.018,.999,-.038,.013,.039,.999);es="Linear";ed="In";};["Left Leg"]={cf=cfr(-.945,.649,.281,.852,-.37,.37,.408,.913,-.026,-.328,.173,.929);es="Linear";ed="In";};["Right Arm"]={cf=cfr(.154,-.564,-.563,.336,-.044,.941,.942,.019,-.335,-.003,.999,.048);es="Linear";ed="In";};["Left Arm"]={cf=cfr(-.33,-.179,-.879,.327,.53,-.782,-.3,.843,.446,.896,.089,.434);es="Linear";ed="In";};["Right Leg"]={cf=cfr(.934,.615,.372,.811,.492,-.317,-.457,.871,.18,.364,-.002,.931);es="Linear";ed="In";};};{tm=4.485;["Right Arm"]={cf=cfr(.151,-.565,-.583,.339,.139,.931,.935,.063,-.35,-.107,.988,-.108);es="Linear";ed="In";};["Left Arm"]={cf=cfr(-.33,-.179,-.879,.05,.621,-.782,-.65,.615,.446,.758,.486,.434);es="Linear";ed="In";};};{tm=4.576;["Right Arm"]={cf=cfr(.178,-.49,-.592,.339,-.058,.939,.935,.134,-.329,-.107,.989,.1);es="Linear";ed="In";};["Left Arm"]={cf=cfr(-.33,-.179,-.879,-.351,.514,-.782,-.892,.069,.446,.284,.855,.434);es="Linear";ed="In";};};{tm=4.667;["Right Arm"]={cf=cfr(.176,-.159,-.234,-.265,-.746,-.611,.788,.198,-.583,.555,-.636,.536);es="Linear";ed="In";};["Left Arm"]={cf=cfr(-.251,-.679,-.8,-.566,.26,-.782,-.8,-.4,.446,-.197,.879,.434);es="Linear";ed="In";};};{tm=4.758;["Torso"]={cf=cfr(.111,0,-.548,1,.017,-.013,-.018,.999,-.038,.013,.039,.999);es="Linear";ed="In";};["Left Leg"]={cf=cfr(-.732,.236,.185,.891,-.264,.37,.294,.956,-.026,-.347,.132,.929);es="Linear";ed="In";};["Right Arm"]={cf=cfr(.157,-.588,.139,.743,-.129,-.657,.608,.542,.581,.281,-.83,.481);es="Linear";ed="In";};["Left Arm"]={cf=cfr(-.296,-1.041,-.508,-.48,.397,-.782,-.877,-.179,.446,.037,.9,.434);es="Linear";ed="In";};["Right Leg"]={cf=cfr(.683,.17,.373,.735,.6,-.317,-.574,.799,.18,.361,.049,.931);es="Linear";ed="In";};};{tm=4.848;["Torso"]={cf=cfr(.11,-.005,-.418,1,.017,-.013,-.018,.999,-.038,.013,.039,.999);es="Linear";ed="In";};["Left Leg"]={cf=cfr(-.775,.347,.17,.891,-.355,.283,.294,.926,.238,-.347,-.129,.929);es="Linear";ed="In";};["Right Arm"]={cf=cfr(.002,-.091,.241,.943,.161,-.291,.248,.246,.937,.222,-.956,.192);es="Linear";ed="In";};["Left Arm"]={cf=cfr(-.052,-.476,-.208,-.112,.585,-.803,-.787,.442,.431,.607,.68,.411);es="Linear";ed="In";};["Right Leg"]={cf=cfr(.607,.32,.063,.911,.286,-.297,-.216,.945,.247,.352,-.161,.922);es="Linear";ed="In";};};{tm=4.879;["Right Leg"]={cf=cfr(.606,.32,.063,.9,.338,-.277,-.248,.917,.312,.359,-.212,.909);es="Linear";ed="In";};};{tm=4.97;["Left Leg"]={cf=cfr(-.775,.347,.17,.836,-.355,.419,.253,.926,.281,-.488,-.129,.863);es="Linear";ed="In";};["Right Arm"]={cf=cfr(.421,.001,-.09,.941,-.156,-.3,.284,.848,.449,.184,-.507,.842);es="Linear";ed="In";};["Right Leg"]={cf=cfr(.607,.32,.063,.911,.286,-.297,-.216,.945,.247,.352,-.161,.922);es="Linear";ed="In";};};{tm=5.061;["Right Arm"]={cf=cfr(.402,-.462,-.364,.094,-.735,.671,.504,.617,.605,-.858,.282,.429);es="Linear";ed="In";};["Left Arm"]={cf=cfr(-.142,-.635,-.553,-.159,.457,-.875,-.881,.335,.335,.446,.824,.349);es="Linear";ed="In";};};{tm=5.152;["Torso"]={cf=cfr(.113,.005,-.688,1,.017,-.013,-.018,.999,-.038,.013,.039,.999);es="Linear";ed="In";};["Left Leg"]={cf=cfr(-1.101,.483,.273,.752,-.508,.419,.425,.86,.281,-.504,-.034,.863);es="Linear";ed="In";};["Right Arm"]={cf=cfr(.482,-.544,-.695,-.512,-.231,.827,.797,.233,.558,-.321,.945,.065);es="Linear";ed="In";};["Left Arm"]={cf=cfr(-.214,-.665,-.704,-.236,.423,-.875,-.925,.177,.335,.297,.889,.349);es="Linear";ed="In";};["Right Leg"]={cf=cfr(.827,.301,.139,.831,.469,-.297,-.408,.879,.247,.377,-.084,.922);es="Linear";ed="In";};};{tm=5.242;["Torso"]={cf=cfr(.116,.014,-.928,1,.017,-.013,-.018,.999,-.038,.013,.039,.999);es="Linear";ed="In";};["Left Leg"]={cf=cfr(-1.167,.595,.268,.752,-.508,.419,.425,.86,.281,-.504,-.034,.863);es="Linear";ed="In";};["Right Arm"]={cf=cfr(.482,-.544,-.695,-.525,.199,.827,.728,-.399,.558,.441,.895,.065);es="Linear";ed="In";};["Left Arm"]={cf=cfr(-.214,-.665,-.704,.276,.542,-.793,-.907,-.125,-.402,-.317,.831,.457);es="Linear";ed="In";};["Right Leg"]={cf=cfr(1.043,.705,.1,.831,.469,-.297,-.408,.879,.247,.377,-.084,.922);es="Linear";ed="In";};};{tm=5.364;["Torso"]={cf=cfr(.114,.006,-.708,1,.017,-.013,-.018,.999,-.038,.013,.039,.999);es="Linear";ed="In";};["Left Leg"]={cf=cfr(-1.005,.319,.279,.752,-.508,.419,.425,.86,.281,-.504,-.034,.863);es="Linear";ed="In";};["Right Arm"]={cf=cfr(.248,-.383,-.126,-.525,-.518,.675,.728,-.685,.041,.441,.513,.737);es="Linear";ed="In";};["Left Arm"]={cf=cfr(-.298,-.519,-.441,.359,.933,.006,-.881,.341,-.328,-.309,.113,.945);es="Linear";ed="In";};["Right Leg"]={cf=cfr(.694,.227,.353,.831,.324,-.451,-.408,.907,-.1,.377,.268,.887);es="Linear";ed="In";};};{tm=5.455;["Torso"]={cf=cfr(.112,0,-.568,.956,.292,-.013,-.292,.956,-.038,.001,.041,.999);es="Linear";ed="In";};["Left Leg"]={cf=cfr(-.872,.349,-.093,.879,-.468,-.093,.477,.87,.122,.024,-.152,.988);es="Linear";ed="In";};["Right Arm"]={cf=cfr(.326,-.083,-.629,-.233,-.219,.947,.959,-.212,.187,.16,.952,.26);es="Linear";ed="In";};["Left Arm"]={cf=cfr(-.259,-.125,.24,-.191,.245,.95,-.832,.474,-.289,-.521,-.846,.114);es="Linear";ed="In";};["Head"]={cf=cfr(0,0,0,.96,-.279,-.004,.276,.951,-.136,.042,.13,.991);es="Linear";ed="In";};["Right Leg"]={cf=cfr(.802,.301,.195,.818,.326,-.474,-.405,.912,-.071,.409,.25,.878);es="Linear";ed="In";};};{tm=5.545;["Torso"]={cf=cfr(.112,0,-.568,.999,.035,-.013,-.035,.999,-.038,.012,.039,.999);es="Linear";ed="In";};["Right Arm"]={cf=cfr(.211,-.414,.049,-.582,-.601,.548,.765,-.633,.119,.275,.488,.828);es="Linear";ed="In";};["Left Arm"]={cf=cfr(.003,.011,-.073,-.191,.769,-.611,-.832,-.457,-.315,-.521,.448,.727);es="Linear";ed="In";};["Head"]={cf=cfr(0,0,0,.556,-.831,-.004,.823,.551,-.136,.116,.072,.991);es="Linear";ed="In";};["Right Leg"]={cf=cfr(.811,.293,.096,.924,.37,-.094,-.363,.928,.083,.118,-.042,.992);es="Linear";ed="In";};};{tm=5.667;["Torso"]={cf=cfr(.112,0,-.568,.978,-.208,-.013,.208,.977,-.038,.021,.035,.999);es="Linear";ed="In";};["Left Leg"]={cf=cfr(-.548,.276,-.072,.907,-.265,.328,.272,.962,.027,-.323,.064,.944);es="Linear";ed="In";};["Right Arm"]={cf=cfr(.211,-.414,.049,-.457,-.793,-.404,.872,-.309,-.38,.177,-.526,.832);es="Linear";ed="In";};["Left Arm"]={cf=cfr(.003,.011,-.073,.232,.757,-.611,-.948,.037,-.315,-.216,.652,.727);es="Linear";ed="In";};["Head"]={cf=cfr(0,0,0,.817,-.556,.155,.571,.741,-.354,.082,.378,.922);es="Linear";ed="In";};["Right Leg"]={cf=cfr(.795,.294,-.013,.986,.154,-.058,-.153,.988,.018,.06,-.009,.998);es="Linear";ed="In";};};{tm=5.788;["Torso"]={cf=cfr(.112,0,-.568,.97,-.242,-.013,.242,.97,-.038,.022,.034,.999);es="Linear";ed="In";};["Left Leg"]={cf=cfr(-.753,-.336,.144,.364,-.871,.328,.919,.394,.027,-.153,.292,.944);es="Linear";ed="In";};["Right Arm"]={cf=cfr(.23,-.037,.002,.898,.051,-.437,.008,.991,.133,.44,-.123,.89);es="Linear";ed="In";};["Left Arm"]={cf=cfr(.003,.011,-.073,-.529,.589,-.611,-.521,-.794,-.315,-.67,.151,.727);es="Linear";ed="In";};["Head"]={cf=cfr(0,0,0,.817,.577,.02,-.574,.815,-.075,-.06,.049,.997);es="Linear";ed="In";};["Right Leg"]={cf=cfr(.795,.294,-.013,.986,.162,-.03,-.153,.97,.19,.06,-.182,.981);es="Linear";ed="In";};};{tm=5.909;["Head"]={cf=cfr(0,0,0,.998,-.061,.03,.067,.971,-.23,-.015,.231,.973);es="Linear";ed="In";};};{tm=5.939;["Torso"]={cf=cfr(.116,.001,-.568,.97,-.242,-.013,.242,.97,-.038,.022,.034,.999);es="Linear";ed="In";};["Left Leg"]={cf=cfr(-.819,.108,.154,.709,-.624,.328,.653,.757,.027,-.266,.195,.944);es="Linear";ed="In";};["Right Arm"]={cf=cfr(-.077,-.011,.088,.96,.051,.276,-.083,.991,.104,-.269,-.123,.955);es="Linear";ed="In";};["Left Arm"]={cf=cfr(-.279,-.55,-.11,.531,.823,.204,-.844,.49,.219,.08,-.288,.954);es="Linear";ed="In";};["Head"]={cf=cfr(0,0,0,1,-.013,.02,.015,.997,-.075,-.019,.075,.997);es="Linear";ed="In";};["Right Leg"]={cf=cfr(.499,.34,-.031,.986,.162,-.03,-.153,.97,.19,.06,-.182,.981);es="Linear";ed="In";};};{tm=6.091;["Torso"]={cf=cfr(.08,-.013,-.399,.97,-.242,-.013,.242,.97,-.038,.022,.034,.999);es="Linear";ed="In";};["Left Leg"]={cf=cfr(-.634,-.059,.094,.891,-.312,.328,.322,.946,.027,-.319,.081,.944);es="Linear";ed="In";};["Right Arm"]={cf=cfr(.025,.434,-.182,-.89,-.053,.453,.257,-.879,.403,.376,.475,.796);es="Linear";ed="In";};["Left Arm"]={cf=cfr(-.438,.379,-.338,-.986,.164,-.022,-.165,-.958,.235,.017,.235,.972);es="Linear";ed="In";};["Right Leg"]={cf=cfr(.542,.115,.014,.986,.162,-.03,-.153,.97,.19,.06,-.182,.981);es="Linear";ed="In";};};{tm=6.182;["Head"]={cf=cfr(0,0,0,.999,-.048,.02,.049,.996,-.075,-.017,.076,.997);es="Linear";ed="In";};};{tm=6.212;["Torso"]={cf=cfr(.082,-.01,-.489,.97,-.242,-.013,.242,.97,-.038,.022,.034,.999);es="Linear";ed="In";};["Left Leg"]={cf=cfr(-.724,.203,.106,.891,-.399,.216,.322,.892,.319,-.319,-.215,.923);es="Linear";ed="In";};["Right Arm"]={cf=cfr(-.019,-.287,.207,-.357,-.817,.453,.9,-.17,.403,-.252,.551,.796);es="Linear";ed="In";};["Left Arm"]={cf=cfr(-.548,-.006,-.248,-.268,.963,-.022,-.938,-.255,.235,.22,.084,.972);es="Linear";ed="In";};["Right Leg"]={cf=cfr(.576,.318,-.025,.986,.162,-.03,-.153,.97,.19,.06,-.182,.981);es="Linear";ed="In";};};{tm=6.364;["Right Arm"]={cf=cfr(-.022,-.822,.165,-.357,-.817,.453,.9,-.17,.403,-.252,.551,.796);es="Linear";ed="In";};["Left Arm"]={cf=cfr(-.646,-.641,-.258,-.268,.878,-.397,-.938,-.143,.316,.22,.457,.862);es="Linear";ed="In";};};{tm=6.424;["Torso"]={cf=cfr(.082,-.01,-.489,.996,-.088,-.013,.087,.995,-.038,.017,.037,.999);es="Linear";ed="In";};["Right Arm"]={cf=cfr(.14,-.019,.135,-.892,-.116,.438,.195,-.971,.14,.409,.211,.888);es="Linear";ed="In";};["Left Arm"]={cf=cfr(-.557,-.261,-.02,-.966,.119,.228,-.084,-.983,.161,.243,.136,.96);es="Linear";ed="In";};["Right Leg"]={cf=cfr(.572,.324,.055,.986,.157,-.05,-.153,.986,.07,.06,-.061,.996);es="Linear";ed="In";};};{tm=6.515;["Torso"]={cf=cfr(.08,-.016,-.339,.996,-.088,-.013,.087,.995,-.038,.017,.037,.999);es="Linear";ed="In";};["Left Leg"]={cf=cfr(-.696,.083,.065,.891,-.36,.275,.322,.931,.175,-.319,-.068,.945);es="Linear";ed="In";};["Right Arm"]={cf=cfr(.184,.35,.055,-.892,-.116,.438,.195,-.971,.14,.409,.211,.888);es="Linear";ed="In";};["Left Arm"]={cf=cfr(-.611,.181,-.081,-.966,.119,.228,-.084,-.983,.161,.243,.136,.96);es="Linear";ed="In";};["Right Leg"]={cf=cfr(.523,.018,.074,.986,.157,-.05,-.153,.986,.07,.06,-.061,.996);es="Linear";ed="In";};};{tm=6.606;["Torso"]={cf=cfr(.08,-.016,-.339,.996,-.088,-.013,.087,.995,-.038,.017,.037,.999);es="Linear";ed="In";};["Left Leg"]={cf=cfr(-.696,.083,.065,.891,-.36,.275,.322,.931,.175,-.319,-.068,.945);es="Linear";ed="In";};["Right Arm"]={cf=cfr(.184,.35,.055,-.892,-.116,.438,.195,-.971,.14,.409,.211,.888);es="Linear";ed="In";};["Left Arm"]={cf=cfr(-.611,.181,-.081,-.966,.119,.228,-.084,-.983,.161,.243,.136,.96);es="Linear";ed="In";};["Right Leg"]={cf=cfr(.523,.018,.074,.986,.157,-.05,-.153,.986,.07,.06,-.061,.996);es="Linear";ed="In";};};{tm=6.727;["Torso"]={cf=cfr(.082,-.008,-.549,.996,-.088,-.013,.087,.995,-.038,.017,.037,.999);es="Linear";ed="In";};["Left Leg"]={cf=cfr(-.721,.148,.06,.891,-.36,.275,.322,.931,.175,-.319,-.068,.945);es="Linear";ed="In";};["Right Arm"]={cf=cfr(.165,.185,.09,-.892,-.038,.451,.195,-.932,.307,.409,.362,.838);es="Linear";ed="In";};["Left Arm"]={cf=cfr(-.557,-.261,-.02,-.966,.119,.228,-.084,-.983,.161,.243,.136,.96);es="Linear";ed="In";};["Right Leg"]={cf=cfr(.556,.225,.061,.986,.157,-.05,-.153,.986,.07,.06,-.061,.996);es="Linear";ed="In";};};{tm=6.848;["Torso"]={cf=cfr(-.138,.007,-.647,.999,.052,.004,-.052,.998,-.041,-.006,.041,.999);es="Linear";ed="In";};["Left Leg"]={cf=cfr(-.818,.315,-.044,.891,-.444,.09,.322,.76,.565,-.319,-.475,.82);es="Linear";ed="In";};["Right Arm"]={cf=cfr(.359,.091,-.781,-.505,-.364,.782,.786,-.569,.243,.356,.737,.574);es="Linear";ed="In";};["Left Arm"]={cf=cfr(-.509,-.655,.035,-.966,.119,.228,-.084,-.983,.161,.243,.136,.96);es="Linear";ed="In";};["Right Leg"]={cf=cfr(.219,.29,.235,.903,.157,-.4,-.118,.986,.12,.413,-.061,.909);es="Linear";ed="In";};};{tm=6.97;["Left Leg"]={cf=cfr(-.818,.315,-.044,.872,-.444,-.205,.488,.76,.43,-.035,-.475,.879);es="Linear";ed="In";};["Right Arm"]={cf=cfr(.085,.059,-1.143,-.465,-.415,.782,.841,-.483,.243,.277,.771,.574);es="Linear";ed="In";};["Left 