-- // converted using mech's animoduler
local cfr = CFrame.new

return {{tm=0;["Torso"]={cf=cfr(0,-.156,.005,1,0,0,0,.98,-.199,0,.199,.98);es="Linear";ed="In";};["Left Leg"]={cf=cfr(.098,-.019,-.017,.958,.224,.18,-.22,.975,-.042,-.185,0,.983);es="Linear";ed="In";};["Right Leg"]={cf=cfr(-.107,-.016,-.019,.96,-.224,-.166,.221,.974,-.038,.17,0,.985);es="Linear";ed="In";};["Left Arm"]={cf=cfr(.18,.113,.125,.207,.817,-.537,-.97,.243,-.005,.127,.522,.843);es="Linear";ed="In";};["Right Arm"]={cf=cfr(.114,.076,-.127,.414,-.581,.701,.817,.576,-.005,-.401,.575,.714);es="Linear";ed="In";};["Head"]={cf=cfr(0,0,.018,1,0,0,0,.979,.202,0,-.202,.979);es="Linear";ed="In";};};{tm=.033;["Torso"]={cf=cfr(0,-.153,-.012,1,0,0,0,.98,-.199,0,.199,.98);es="Linear";ed="In";};["Left Leg"]={cf=cfr(.098,-.019,-.017,.957,.226,.18,-.223,.974,-.042,-.184,0,.983);es="Linear";ed="In";};["Right Leg"]={cf=cfr(-.111,-.017,-.02,.959,-.227,-.171,.223,.974,-.04,.176,0,.984);es="Linear";ed="In";};["Left Arm"]={cf=cfr(.2,.069,.136,.237,.804,-.546,-.959,.285,.002,.157,.522,.838);es="Linear";ed="In";};["Right Arm"]={cf=cfr(.115,.071,-.121,.404,-.585,.704,.799,.6,.041,-.446,.546,.709);es="Linear";ed="In";};["Head"]={cf=cfr(0,0,.018,1,-.006,-.002,.006,.979,.202,.001,-.202,.979);es="Linear";ed="In";};};{tm=.067;["Torso"]={cf=cfr(0,-.142,-.065,1,0,0,0,.98,-.199,0,.199,.98);es="Linear";ed="In";};["Left Leg"]={cf=cfr(-.154,.06,.032,.98,.095,.177,-.089,.995,-.042,-.18,.026,.983);es="Linear";ed="In";};["Right Leg"]={cf=cfr(.155,.068,.03,.981,-.087,-.172,.081,.996,-.041,.175,.026,.984);es="Linear";ed="In";};["Left Arm"]={cf=cfr(.224,-.038,.151,.323,.774,-.545,-.922,.386,.001,.212,.502,.838);es="Linear";ed="In";};["Right Arm"]={cf=cfr(.12,.062,-.103,.403,-.612,.68,.749,.648,.139,-.525,.453,.72);es="Linear";ed="In";};["Head"]={cf=cfr(0,0,.018,1,-.023,-.007,.024,.979,.202,.002,-.202,.979);es="Linear";ed="In";};};{tm=.1;["Torso"]={cf=cfr(0,-.128,-.136,1,0,0,0,.98,-.199,0,.199,.98);es="Linear";ed="In";};["Left Leg"]={cf=cfr(-.317,.139,.064,.985,.01,.174,-.003,.999,-.043,-.174,.042,.984);es="Linear";ed="In";};["Right Leg"]={cf=cfr(.309,.144,.062,.985,-.005,-.174,-.002,.999,-.044,.174,.043,.984);es="Linear";ed="In";};["Left Arm"]={cf=cfr(.243,-.142,.163,.408,.736,-.54,-.876,.483,-.003,.258,.474,.842);es="Linear";ed="In";};["Right Arm"]={cf=cfr(.125,.055,-.084,.412,-.64,.648,.693,.682,.234,-.592,.353,.725);es="Linear";ed="In";};["Head"]={cf=cfr(0,0,.018,.999,-.051,-.015,.053,.978,.2,.004,-.201,.98);es="Linear";ed="In";};};{tm=.133;["Torso"]={cf=cfr(0,-.115,-.2,1,0,0,0,.98,-.199,0,.199,.98);es="Linear";ed="In";};["Left Leg"]={cf=cfr(-.411,.2,.082,.985,-.039,.171,.047,.998,-.044,-.169,.052,.984);es="Linear";ed="In";};["Right Leg"]={cf=cfr(.392,.203,.086,.982,.042,-.185,-.052,.998,-.048,.182,.057,.982);es="Linear";ed="In";};["Left Arm"]={cf=cfr(.25,-.181,.168,.439,.72,-.537,-.855,.518,-.005,.275,.462,.843);es="Linear";ed="In";};["Right Arm"]={cf=cfr(.127,.053,-.076,.417,-.65,.635,.669,.692,.27,-.615,.313,.724);es="Linear";ed="In";};["Head"]={cf=cfr(0,0,.018,.996,-.086,-.025,.089,.976,.198,.008,-.199,.98);es="Linear";ed="In";};};{tm=.167;["Torso"]={cf=cfr(0,-.102,-.265,1,.011,0,-.011,.98,-.199,-.002,.199,.98);es="Linear";ed="In";};["Left Leg"]={cf=cfr(-.447,.252,.127,.971,-.076,.225,.091,.994,-.057,-.22,.076,.973);es="Linear";ed="In";};["Right Leg"]={cf=cfr(.427,.252,.126,.971,.072,-.227,-.089,.994,-.065,.221,.083,.972);es="Linear";ed="In";};["Left Arm"]={cf=cfr(.25,-.174,.161,.414,.721,-.555,-.876,.481,-.03,.245,.499,.831);es="Linear";ed="In";};["Right Arm"]={cf=cfr(.099,.059,-.048,.409,-.665,.625,.686,.676,.271,-.602,.318,.732);es="Linear";ed="In";};["Head"]={cf=cfr(0,0,.018,.993,-.113,-.036,.118,.974,.194,.013,-.197,.98);es="Linear";ed="In";};};{tm=.2;["Torso"]={cf=cfr(0,-.085,-.345,.999,.041,0,-.04,.979,-.199,-.008,.198,.98);es="Linear";ed="In";};["Left Leg"]={cf=cfr(-.405,.299,.23,.923,-.102,.372,.145,.985,-.091,-.357,.138,.924);es="Linear";ed="In";};["Right Leg"]={cf=cfr(.416,.298,.196,.947,.087,-.308,-.124,.987,-.103,.295,.135,.946);es="Linear";ed="In";};["Left Arm"]={cf=cfr(.251,-.151,.142,.346,.716,-.606,-.925,.367,-.095,.154,.594,.789);es="Linear";ed="In";};["Right Arm"]={cf=cfr(.017,.078,.029,.384,-.704,.597,.729,.628,.271,-.566,.331,.755);es="Linear";ed="In";};["Head"]={cf=cfr(0,0,.018,.992,-.117,-.046,.124,.974,.189,.023,-.193,.981);es="Linear";ed="In";};};{tm=.233;["Torso"]={cf=cfr(0,-.07,-.423,.997,.08,0,-.079,.977,-.199,-.016,.198,.98);es="Linear";ed="In";};["Left Leg"]={cf=cfr(-.3,.334,.341,.84,-.101,.533,.197,.972,-.127,-.505,.212,.837);es="Linear";ed="In";};["Right Leg"]={cf=cfr(.38,.332,.266,.92,.085,-.382,-.151,.978,-.146,.361,.192,.913);es="Linear";ed="In";};["Left Arm"]={cf=cfr(.256,-.12,.122,.262,.69,-.674,-.965,.204,-.166,.023,.694,.719);es="Linear";ed="In";};["Right Arm"]={cf=cfr(-.089,.102,.13,.349,-.752,.56,.781,.563,.269,-.517,.344,.784);es="Linear";ed="In";};["Head"]={cf=cfr(0,0,.018,.993,-.106,-.054,.114,.976,.184,.033,-.188,.982);es="Linear";ed="In";};};{tm=.267;["Torso"]={cf=cfr(0,-.059,-.475,.994,.111,0,-.108,.974,-.199,-.022,.197,.98);es="Linear";ed="In";};["Left Leg"]={cf=cfr(-.203,.354,.406,.767,-.086,.636,.231,.961,-.149,-.599,.262,.757);es="Linear";ed="In";};["Right Leg"]={cf=cfr(.351,.351,.31,.903,.077,-.422,-.166,.97,-.178,.396,.231,.889);es="Linear";ed="In";};["Left Arm"]={cf=cfr(.262,-.093,.111,.203,.656,-.727,-.975,.071,-.209,-.086,.751,.655);es="Linear";ed="In";};["Right Arm"]={cf=cfr(-.171,.121,.208,.318,-.786,.531,.819,.51,.264,-.478,.35,.805);es="Linear";ed="In";};["Head"]={cf=cfr(0,0,.018,.994,-.093,-.058,.102,.979,.178,.04,-.183,.982);es="Linear";ed="In";};};{tm=.3;["Torso"]={cf=cfr(0,-.056,-.492,.993,.121,0,-.119,.973,-.199,-.024,.197,.98);es="Linear";ed="In";};["Left Leg"]={cf=cfr(-.166,.36,.424,.74,-.078,.668,.242,.958,-.156,-.628,.277,.727);es="Linear";ed="In";};["Right Leg"]={cf=cfr(.341,.357,.324,.898,.073,-.434,-.17,.967,-.188,.406,.243,.881);es="Linear";ed="In";};["Left Arm"]={cf=cfr(.265,-.084,.108,.184,.642,-.744,-.975,.023,-.221,-.125,.766,.63);es="Linear";ed="In";};["Right Arm"]={cf=cfr(-.201,.128,.237,.306,-.797,.52,.831,.491,.262,-.464,.352,.813);es="Linear";ed="In";};["Head"]={cf=cfr(0,0,.018,.994,-.088,-.059,.097,.98,.173,.043,-.178,.983);es="Linear";ed="In";};};{tm=.333;["Torso"]={cf=cfr(0,-.063,-.455,.995,.105,0,-.102,.975,-.199,-.021,.197,.98);es="Linear";ed="In";};["Left Leg"]={cf=cfr(-.205,.337,.395,.772,-.083,.63,.225,.963,-.148,-.594,.256,.763);es="Linear";ed="In";};["Right Leg"]={cf=cfr(.342,.335,.305,.901,.075,-.427,-.163,.971,-.174,.402,.227,.887);es="Linear";ed="In";};["Left Arm"]={cf=cfr(.265,-.086,.109,.181,.645,-.743,-.977,.032,-.21,-.111,.764,.636);es="Linear";ed="In";};["Right Arm"]={cf=cfr(-.19,.126,.23,.317,-.793,.52,.824,.502,.262,-.469,.346,.813);es="Linear";ed="In";};["Head"]={cf=cfr(0,0,.018,.996,-.071,-.049,.078,.982,.172,.036,-.175,.984);es="Linear";ed="In";};};{tm=.367;["Torso"]={cf=cfr(0,-.084,-.353,.998,.055,0,-.054,.979,-.199,-.011,.198,.98);es="Linear";ed="In";};["Left Leg"]={cf=cfr(-.298,.276,.294,.863,-.083,.498,.164,.979,-.121,-.478,.186,.859);es="Linear";ed="In";};["Right Leg"]={cf=cfr(.341,.276,.243,.917,.072,-.393,-.134,.982,-.133,.377,.175,.91);es="Linear";ed="In";};["Left Arm"]={cf=cfr(.263,-.092,.11,.172,.653,-.738,-.983,.061,-.175,-.069,.755,.652);es="Linear";ed="In";};["Right Arm"]={cf=cfr(-.16,.12,.213,.346,-.781,.52,.805,.532,.262,-.482,.328,.813);es="Linear";ed="In";};["Head"]={cf=cfr(0,0,.018,1,-.019,-.021,.022,.985,.172,.018,-.172,.985);es="Linear";ed="In";};};{tm=.4;["Torso"]={cf=cfr(0,-.109,-.231,1,-.009,0,.009,.98,-.199,.002,.199,.98);es="Linear";ed="In";};["Left Leg"]={cf=cfr(-.361,.203,.145,.957,-.042,.288,.068,.995,-.079,-.283,.096,.954);es="Linear";ed="In";};["Right Leg"]={cf=cfr(.324,.205,.155,.947,.051,-.318,-.081,.993,-.081,.312,.103,.945);es="Linear";ed="In";};["Left Arm"]={cf=cfr(.262,-.101,.113,.159,.66,-.734,-.987,.108,-.116,.003,.743,.669);es="Linear";ed="In";};["Right Arm"]={cf=cfr(-.131,.115,.196,.375,-.767,.52,.785,.561,.262,-.493,.31,.813);es="Linear";ed="In";};["Head"]={cf=cfr(0,0,.018,.999,.049,.005,-.049,.985,.165,.003,-.165,.986);es="Linear";ed="In";};};{tm=.433;["Torso"]={cf=cfr(0,-.126,-.145,.998,-.062,0,.061,.978,-.199,.012,.198,.98);es="Linear";ed="In";};["Left Leg"]={cf=cfr(-.354,.143,.033,.996,.03,.089,-.026,.999,-.04,-.09,.037,.995);es="Linear";ed="In";};["Right Leg"]={cf=cfr(.293,.154,.083,.973,.017,-.229,-.027,.999,-.04,.228,.045,.973);es="Linear";ed="In";};["Left Arm"]={cf=cfr(.261,-.112,.115,.144,.663,-.735,-.985,.167,-.042,.094,.73,.677);es="Linear";ed="In";};["Right Arm"]={cf=cfr(-.12,.112,.19,.385,-.762,.52,.777,.572,.262,-.498,.303,.813);es="Linear";ed="In";};["Head"]={cf=cfr(0,0,.018,.994,.108,.012,-.108,.983,.149,.004,-.149,.989);es="Linear";ed="In";};};{tm=.467;["Torso"]={cf=cfr(0,-.136,-.096,.994,-.112,0,.11,.974,-.199,.022,.197,.98);es="Linear";ed="In";};["Left Leg"]={cf=cfr(-.331,.105,-.041,.989,.107,-.106,-.108,.994,0,.105,.011,.994);es="Linear";ed="In";};["Right Leg"]={cf=cfr(.283,.129,.031,.992,-.01,-.129,.009,1,-.002,.129,.001,.992);es="Linear";ed="In";};["Left Arm"]={cf=cfr(.263,-.124,.117,.128,.655,-.745,-.973,.227,.031,.19,.721,.666);es="Linear";ed="In";};["Right Arm"]={cf=cfr(-.137,.07,.219,.35,-.779,.52,.802,.536,.262,-.483,.326,.813);es="Linear";ed="In";};["Head"]={cf=cfr(0,0,.018,.985,.173,.002,-.172,.978,.115,.017,-.113,.993);es="Linear";ed="In";};};{tm=.5;["Torso"]={cf=cfr(0,-.139,-.081,.99,-.142,0,.139,.97,-.199,.028,.197,.98);es="Linear";ed="In";};["Left Leg"]={cf=cfr(-.319,.091,-.067,.968,.147,-.205,-.146,.989,.021,.206,.01,.978);es="Linear";ed="In";};["Right Leg"]={cf=cfr(.29,.124,.012,.997,-.016,-.08,.017,1,.015,.08,-.017,.997);es="Linear";ed="In";};["Left Arm"]={cf=cfr(.267,-.135,.117,.113,.635,-.765,-.954,.283,.095,.277,.719,.638);es="Linear";ed="In";};["Right Arm"]={cf=cfr(-.153,.01,.244,.283,-.805,.52,.845,.467,.262,-.454,.365,.813);es="Linear";ed="In";};["Head"]={cf=cfr(0,0,.018,.979,.206,-.008,-.204,.975,.092,.026,-.088,.996);es="Linear";ed="In";};};{tm=.533;["Torso"]={cf=cfr(0,-.128,-.133,.989,-.148,0,.145,.969,-.199,.029,.196,.98);es="Linear";ed="In";};["Left Leg"]={cf=cfr(-.434,.152,-.078,.982,.078,-.171,-.078,.997,.01,.171,.004,.985);es="Linear";ed="In";};["Right Leg"]={cf=cfr(.372,.173,.033,.993,.04,-.112,-.039,.999,.01,.112,-.006,.994);es="Linear";ed="In";};["Left Arm"]={cf=cfr(.214,-.15,.148,.094,.586,-.805,-.918,.364,.157,.385,.724,.572);es="Linear";ed="In";};["Right Arm"]={cf=cfr(-.109,-.008,.207,.24,-.821,.518,.868,.42,.263,-.434,.386,.814);es="Linear";ed="In";};["Head"]={cf=cfr(0,0,.018,.982,.189,-.009,-.188,.978,.092,.026,-.089,.996);es="Linear";ed="In";};};{tm=.567;["Torso"]={cf=cfr(0,-.101,-.269,.988,-.152,0,.149,.969,-.199,.03,.196,.98);es="Linear";ed="In";};["Left Leg"]={cf=cfr(-.572,.276,-.035,.998,-.024,-.062,.022,.999,-.025,.063,.024,.998);es="Linear";ed="In";};["Right Leg"]={cf=cfr(.484,.286,.097,.974,.126,-.191,-.129,.992,-.006,.189,.031,.982);es="Linear";ed="In";};["Left Arm"]={cf=cfr(.068,-.169,.23,.065,.5,-.863,-.852,.478,.213,.519,.722,.457);es="Linear";ed="In";};["Right Arm"]={cf=cfr(.014,-.007,.116,.207,-.834,.512,.885,.382,.266,-.417,.398,.817);es="Linear";ed="In";};["Head"]={cf=cfr(0,0,.018,.988,.156,-.009,-.154,.984,.092,.023,-.09,.996);es="Linear";ed="In";};};{tm=.6;["Torso"]={cf=cfr(0,-.073,-.405,.988,-.154,0,.15,.968,-.199,.03,.196,.98);es="Linear";ed="In";};["Left Leg"]={cf=cfr(-.605,.379,.065,.995,-.076,.067,.081,.994,-.073,-.061,.078,.995);es="Linear";ed="In";};["Right Leg"]={cf=cfr(.496,.39,.184,.942,.165,-.292,-.182,.983,-.033,.282,.085,.956);es="Linear";ed="In";};["Left Arm"]={cf=cfr(-.079,-.176,.315,.028,.422,-.906,-.786,.57,.241,.618,.705,.347);es="Linear";ed="In";};["Right Arm"]={cf=cfr(.17,-.004,.019,.153,-.846,.511,.908,.325,.266,-.391,.423,.817);es="Linear";ed="In";};["Head"]={cf=cfr(0,0,.018,.994,.106,-.008,-.105,.99,.093,.017,-.092,.996);es="Linear";ed="In";};};{tm=.633;["Torso"]={cf=cfr(0,-.063,-.457,.988,-.154,0,.151,.968,-.199,.031,.196,.98);es="Linear";ed="In";};["Left Leg"]={cf=cfr(-.567,.401,.147,.983,-.083,.165,.102,.989,-.11,-.154,.125,.98);es="Linear";ed="In";};["Right Leg"]={cf=cfr(.433,.418,.252,.909,.161,-.384,-.199,.978,-.061,.366,.132,.921);es="Linear";ed="In";};["Left Arm"]={cf=cfr(-.135,-.163,.348,.006,.392,-.92,-.761,.598,.25,.648,.699,.302);es="Linear";ed="In";};["Right Arm"]={cf=cfr(.297,-.018,-.035,.058,-.852,.52,.938,.225,.262,-.34,.473,.813);es="Linear";ed="In";};["Head"]={cf=cfr(0,0,.018,.999,.044,-.005,-.043,.995,.093,.009,-.093,.996);es="Linear";ed="In";};};{tm=.667;["Torso"]={cf=cfr(-.001,-.063,-.455,.99,-.138,-.001,.135,.971,-.199,.028,.197,.98);es="Linear";ed="In";};["Left Leg"]={cf=cfr(-.493,.371,.219,.959,-.077,.272,.119,.983,-.141,-.257,.167,.952);es="Linear";ed="In";};["Right Leg"]={cf=cfr(.331,.39,.306,.867,.135,-.479,-.203,.975,-.093,.455,.178,.873);es="Linear";ed="In";};["Left Arm"]={cf=cfr(-.133,-.123,.342,-.01,.389,-.921,-.772,.582,.254,.635,.714,.294);es="Linear";ed="In";};["Right Arm"]={cf=cfr(.407,-.148,-.07,-.205,-.793,.574,.963,-.058,.264,-.176,.607,.775);es="Linear";ed="In";};["Head"]={cf=cfr(0,0,.018,1,-.007,-.004,.007,.996,.094,.003,-.094,.996);es="Linear";ed="In";};};{tm=.7;["Torso"]={cf=cfr(-.002,-.067,-.439,.995,-.097,-.002,.094,.976,-.199,.022,.198,.98);es="Linear";ed="In";};["Left Leg"]={cf=cfr(-.394,.328,.287,.915,-.068,.397,.144,.976,-.164,-.376,.207,.903);es="Linear";ed="In";};["Right Leg"]={cf=cfr(.24,.347,.336,.83,.1,-.548,-.201,.971,-.127,.52,.215,.827);es="Linear";ed="In";};["Left Arm"]={cf=cfr(-.128,-.055,.325,-.036,.384,-.922,-.799,.543,.258,.6,.747,.288);es="Linear";ed="In";};["Right Arm"]={cf=cfr(.443,-.261,-.089,-.374,-.66,.652,.927,-.282,.247,.021,.697,.717);es="Linear";ed="In";};["Head"]={cf=cfr(0,0,.018,1,-.028,-.003,.028,.995,.095,0,-.095,.995);es="Linear";ed="In";};};{tm=.733;["Torso"]={cf=cfr(-.002,-.074,-.4,.998,-.06,-.003,.058,.978,-.199,.015,.198,.98);es="Linear";ed="In";};["Left Leg"]={cf=cfr(-.32,.283,.305,.882,-.057,.468,.152,.974,-.167,-.446,.218,.868);es="Linear";ed="In";};["Right Leg"]={cf=cfr(.214,.303,.324,.829,.08,-.553,-.186,.973,-.138,.527,.218,.821);es="Linear";ed="In";};["Left Arm"]={cf=cfr(-.119,.023,.297,-.062,.38,-.923,-.832,.492,.258,.552,.783,.285);es="Linear";ed="In";};["Right Arm"]={cf=cfr(.405,-.241,-.099,-.364,-.592,.719,.931,-.231,.281,0,.772,.635);es="Linear";ed="In";};["Head"]={cf=cfr(0,0,.018,.999,-.039,-.001,.039,.995,.096,-.003,-.096,.995);es="Linear";ed="In";};};{tm=.767;["Torso"]={cf=cfr(-.002,-.09,-.324,1,-.027,-.003,.026,.98,-.199,.008,.198,.98);es="Linear";ed="In";};["Left Leg"]={cf=cfr(-.333,.243,.242,.909,-.057,.414,.12,.984,-.129,-.4,.167,.901);es="Linear";ed="In";};["Right Leg"]={cf=cfr(.339,.275,.223,.917,.086,-.39,-.134,.986,-.098,.376,.142,.916);es="Linear";ed="In";};["Left Arm"]={cf=cfr(-.111,.08,.263,-.076,.379,-.922,-.856,.449,.256,.511,.809,.29);es="Linear";ed="In";};["Right Arm"]={cf=cfr(.411,-.29,-.116,-.427,-.487,.762,.9,-.307,.309,.083,.818,.57);es="Linear";ed="In";};["Head"]={cf=cfr(0,0,.018,.999,-.037,.001,.037,.995,.096,-.004,-.096,.995);es="Linear";ed="In";};};{tm=.8;["Torso"]={cf=cfr(0,-.106,-.243,1,-.01,0,.01,.98,-.199,.002,.199,.98);es="Linear";ed="In";};["Left Leg"]={cf=cfr(-.372,.208,.142,.96,-.044,.278,.068,.995,-.078,-.273,.093,.958);es="Linear";ed="In";};["Right Leg"]={cf=cfr(.433,.241,.099,.979,.068,-.19,-.078,.996,-.048,.186,.061,.981);es="Linear";ed="In";};["Left Arm"]={cf=cfr(-.103,.101,.227,-.074,.385,-.92,-.868,.43,.25,.492,.817,.302);es="Linear";ed="In";};["Right Arm"]={cf=cfr(.42,-.339,-.128,-.489,-.403,.774,.859,-.376,.347,.151,.835,.529);es="Linear";ed="In";};["Head"]={cf=cfr(0,0,.018,1,-.03,.004,.03,.995,.096,-.007,-.096,.995);es="Linear";ed="In";};};{tm=.833;["Torso"]={cf=cfr(.003,-.117,-.188,1,-.01,.004,.011,.98,-.199,-.002,.199,.98);es="Linear";ed="In";};["Left Leg"]={cf=cfr(-.352,.173,.092,.977,-.015,.212,.027,.998,-.053,-.211,.058,.976);es="Linear";ed="In";};["Right Leg"]={cf=cfr(.381,.188,.076,.984,.034,-.173,-.043,.998,-.046,.171,.053,.984);es="Linear";ed="In";};["Left Arm"]={cf=cfr(-.104,.085,.186,-.021,.435,-.9,-.87,.435,.23,.492,.788,.369);es="Linear";ed="In";};["Right Arm"]={cf=cfr(.379,-.291,-.108,-.46,-.428,.778,.885,-.291,.363,.071,.856,.512);es="Linear";ed="In";};["Head"]={cf=cfr(0,0,.018,1,-.029,.011,.028,.995,.097,-.014,-.096,.995);es="Linear";ed="In";};};{tm=.867;["Torso"]={cf=cfr(.008,-.127,-.139,1,-.01,.008,.011,.98,-.198,-.006,.199,.98);es="Linear";ed="In";};["Left Leg"]={cf=cfr(-.307,.136,.055,.986,.023,.162,-.017,.999,-.035,-.163,.032,.986);es="Linear";ed="In";};["Right Leg"]={cf=cfr(.313,.139,.057,.987,-.005,-.161,-.002,.999,-.046,.161,.045,.986);es="Linear";ed="In";};["Left Arm"]={cf=cfr(-.113,.039,.145,.11,.538,-.836,-.86,.474,.192,.499,.697,.514);es="Linear";ed="In";};["Right Arm"]={cf=cfr(.28,-.168,-.043,-.339,-.525,.781,.93,-.063,.361,-.14,.849,.51);es="Linear";ed="In";};["Head"]={cf=cfr(0,0,.018,.999,-.028,.024,.025,.995,.097,-.026,-.096,.995);es="Linear";ed="In";};};{tm=.9;["Torso"]={cf=cfr(.012,-.134,-.103,1,-.01,.012,.012,.98,-.198,-.01,.199,.98);es="Linear";ed="In";};["Left Leg"]={cf=cfr(-.251,.105,.034,.989,.06,.135,-.057,.998,-.024,-.137,.016,.991);es="Linear";ed="In";};["Right Leg"]={cf=cfr(.244,.098,.042,.987,-.044,-.156,.037,.998,-.047,.157,.041,.987);es="Linear";ed="In";};["Left Arm"]={cf=cfr(-.118,-.008,.117,.243,.608,-.756,-.829,.535,.164,.504,.587,.634);es="Linear";ed="In";};["Right Arm"]={cf=cfr(.188,-.073,.031,-.155,-.604,.782,.907,.227,.355,-.392,.764,.512);es="Linear";ed="In";};["Head"]={cf=cfr(0,0,.018,.999,-.025,.039,.022,.995,.097,-.041,-.096,.994);es="Linear";ed="In";};};{tm=.933;["Torso"]={cf=cfr(.016,-.138,-.083,1,-.01,.017,.013,.98,-.198,-.014,.199,.98);es="Linear";ed="In";};["Left Leg"]={cf=cfr(-.208,.087,.024,.988,.085,.127,-.083,.996,-.017,-.128,.006,.992);es="Linear";ed="In";};["Right Leg"]={cf=cfr(.191,.071,.033,.985,-.072,-.154,.065,.997,-.051,.157,.04,.987);es="Linear";ed="In";};["Left Arm"]={cf=cfr(-.116,-.046,.106,.389,.625,-.677,-.754,.638,.156,.529,.45,.719);es="Linear";ed="In";};["Right Arm"]={cf=cfr(.096,-.016,.132,.142,-.611,.779,.711,.61,.349,-.688,.505,.521);es="Linear";ed="In";};["Head"]={cf=cfr(0,0,.018,.998,-.024,.053,.019,.995,.097,-.055,-.096,.994);es="Linear";ed="In";};};{tm=.967;["Torso"]={cf=cfr(.021,-.139,-.077,1,-.01,.022,.015,.98,-.198,-.019,.199,.98);es="Linear";ed="In";};["Left Leg"]={cf=cfr(-.197,.085,.022,.988,.091,.127,-.09,.996,-.011,-.127,-.001,.992);es="Linear";ed="In";};["Right Leg"]={cf=cfr(.17,.058,.029,.985,-.084,-.153,.076,.996,-.056,.157,.044,.987);es="Linear";ed="In";};["Left Arm"]={cf=cfr(-.11,-.085,.106,.474,.617,-.628,-.7,.697,.156,.534,.366,.762);es="Linear";ed="In";};["Right Arm"]={cf=cfr(.038,.016,.198,.31,-.552,.774,.521,.78,.347,-.795,.296,.529);es="Linear";ed="In";};["Head"]={cf=cfr(0,0,.018,.998,-.023,.061,.017,.995,.097,-.063,-.096,.993);es="Linear";ed="In";};};{tm=1;["Torso"]={cf=cfr(.025,-.134,-.103,1,-.01,.028,.016,.98,-.198,-.026,.199,.98);es="Linear";ed="In";};["Left Leg"]={cf=cfr(-.254,.12,.039,.987,.053,.154,-.052,.999,-.011,-.155,.003,.988);es="Linear";ed="In";};["Right Leg"]={cf=cfr(.212,.075,.048,.982,-.053,-.181,.04,.997,-.071,.184,.063,.981);es="Linear";ed="In";};["Left Arm"]={cf=cfr(-.104,-.139,.113,.471,.629,-.618,-.719,.68,.143,.51,.377,.773);es="Linear";ed="In";};["Right Arm"]={cf=cfr(.038,.016,.195,.307,-.548,.778,.534,.776,.336,-.788,.312,.53);es="Linear";ed="In";};["Head"]={cf=cfr(0,0,.018,.997,-.023,.067,.017,.995,.098,-.069,-.096,.993);es="Linear";ed="In";};};{tm=1.033;["Torso"]={cf=cfr(.031,-.12,-.175,.999,-.01,.037,.018,.98,-.198,-.034,.199,.979);es="Linear";ed="In";};["Left Leg"]={cf=cfr(-.342,.194,.089,.974,-.013,.226,.018,1,-.021,-.225,.025,.974);es="Linear";ed="In";};["Right Leg"]={cf=cfr(.283,.121,.107,.966,.01,-.258,-.037,.994,-.102,.255,.108,.961);es="Linear";ed="In";};["Left Arm"]={cf=cfr(-.099,-.211,.128,.433,.654,-.621,-.768,.628,.125,.472,.423,.774);es="Linear";ed="In";};["Right Arm"]={cf=cfr(.037,.02,.185,.291,-.542,.788,.574,.758,.31,-.766,.362,.532);es="Linear";ed="In";};["Head"]={cf=cfr(0,0,.018,.997,-.023,.075,.016,.995,.098,-.077,-.096,.992);es="Linear";ed="In";};};{tm=1.067;["Torso"]={cf=cfr(.035,-.101,-.268,.999,-.01,.045,.019,.98,-.198,-.042,.199,.979);es="Linear";ed="In";};["Left Leg"]={cf=cfr(-.391,.277,.157,.95,-.062,.308,.077,.996,-.037,-.304,.059,.951);es="Linear";ed="In";};["Right Leg"]={cf=cfr(.317,.172,.185,.937,.056,-.345,-.11,.984,-.138,.331,.167,.929);es="Linear";ed="In";};["Left Arm"]={cf=cfr(-.095,-.278,.146,.355,.689,-.631,-.836,.537,.116,.419,.486,.767);es="Linear";ed="In";};["Right Arm"]={cf=cfr(.038,.029,.171,.251,-.549,.797,.639,.713,.29,-.727,.436,.53);es="Linear";ed="In";};["Head"]={cf=cfr(0,0,.018,.997,-.024,.079,.017,.995,.098,-.081,-.096,.992);es="Linear";ed="In";};};{tm=1.1;["Torso"]={cf=cfr(.038,-.086,-.34,.999,-.01,.051,.02,.98,-.198,-.048,.199,.979);es="Linear";ed="In";};["Left Leg"]={cf=cfr(-.402,.34,.208,.928,-.083,.363,.109,.993,-.052,-.356,.087,.93);es="Linear";ed="In";};["Right Leg"]={cf=cfr(.32,.208,.245,.912,.077,-.403,-.155,.974,-.165,.38,.213,.9);es="Linear";ed="In";};["Left Arm"]={cf=cfr(-.096,-.315,.158,.247,.73,-.637,-.901,.415,.126,.356,.543,.76);es="Linear";ed="In";};["Right Arm"]={cf=cfr(.044,.044,.155,.18,-.579,.795,.714,.633,.299,-.677,.514,.528);es="Linear";ed="In";};["Head"]={cf=cfr(0,0,.018,.997,-.026,.077,.018,.995,.098,-.079,-.096,.992);es="Linear";ed="In";};};{tm=1.133;["Torso"]={cf=cfr(.039,-.081,-.366,.999,-.01,.053,.021,.98,-.198,-.05,.199,.979);es="Linear";ed="In";};["Left Leg"]={cf=cfr(-.401,.361,.226,.92,-.088,.382,.118,.991,-.057,-.373,.097,.923);es="Linear";ed="In";};["Right Leg"]={cf=cfr(.318,.22,.266,.903,.082,-.422,-.169,.97,-.174,.395,.228,.89);es="Linear";ed="In";};["Left Arm"]={cf=cfr(-.101,-.308,.16,.121,.768,-.628,-.948,.277,.156,.294,.577,.762);es="Linear";ed="In";};["Right Arm"]={cf=cfr(.053,.066,.143,.077,-.628,.774,.779,.523,.347,-.623,.576,.529);es="Linear";ed="In";};["Head"]={cf=cfr(0,0,.018,.997,-.028,.068,.021,.995,.098,-.07,-.096,.993);es="Linear";ed="In";};};{tm=1.167;["Torso"]={cf=cfr(.041,-.089,-.327,.999,-.01,.053,.021,.98,-.198,-.05,.199,.979);es="Linear";ed="In";};["Left Leg"]={cf=cfr(-.402,.342,.21,.927,-.085,.366,.111,.992,-.051,-.359,.088,.929);es="Linear";ed="In";};["Right Leg"]={cf=cfr(.296,.192,.248,.904,.07,-.421,-.154,.973,-.169,.398,.218,.891);es="Linear";ed="In";};["Left Arm"]={cf=cfr(-.144,-.255,.132,-.063,.826,-.56,-.955,.112,.273,.288,.553,.782);es="Linear";ed="In";};["Right Arm"]={cf=cfr(.119,.103,.131,.002,-.831,.556,.886,.259,.385,-.464,.492,.737);es="Linear";ed="In";};["Head"]={cf=cfr(0,0,.018,.998,-.033,.046,.028,.995,.098,-.049,-.096,.994);es="Linear";ed="In";};};{tm=1.2;["Torso"]={cf=cfr(.047,-.111,-.216,.999,-.01,.053,.021,.98,-.198,-.05,.199,.979);es="Linear";ed="In";};["Left Leg"]={cf=cfr(-.395,.287,.165,.945,-.074,.319,.089,.995,-.034,-.315,.06,.947);es="Linear";ed="In";};["Right Leg"]={cf=cfr(.217,.118,.189,.909,.029,-.416,-.103,.982,-.157,.405,.185,.896);es="Linear";ed="In";};["Left Arm"]={cf=cfr(-.24,-.155,.073,-.308,.894,-.326,-.87,-.126,.476,.384,.43,.817);es="Linear";ed="In";};["Right Arm"]={cf=cfr(.215,.159,.165,-.207,-.974,-.09,.962,-.22,.16,-.176,-.053,.983);es="Linear";ed="In";};["Head"]={cf=cfr(0,0,.018,.999,-.04,.008,.039,.994,.097,-.012,-.097,.995);es="Linear";ed="In";};};{tm=1.233;["Torso"]={cf=cfr(.056,-.142,-.065,.999,-.01,.053,.021,.98,-.198,-.05,.199,.979);es="Linear";ed="In";};["Left Leg"]={cf=cfr(-.364,.216,.105,.968,-.045,.249,.049,.999,-.013,-.248,.025,.969);es="Linear";ed="In";};["Right Leg"]={cf=cfr(.071,.027,.094,.915,-.05,-.399,-.007,.99,-.14,.402,.131,.906);es="Linear";ed="In";};["Left Arm"]={cf=cfr(-.312,-.05,.033,-.482,.876,.022,-.728,-.414,.547,.488,.248,.837);es="Linear";ed="In";};["Right Arm"]={cf=cfr(.234,.178,.171,-.461,-.762,-.454,.869,-.491,-.059,-.179,-.422,.889);es="Linear";ed="In";};["Head"]={cf=cfr(0,0,.018,.998,-.049,-.034,.052,.994,.096,.029,-.098,.995);es="Linear";ed="In";};};{tm=1.267;["Torso"]={cf=cfr(.063,-.168,.066,.999,-.01,.053,.021,.98,-.198,-.05,.199,.979);es="Linear";ed="In";};["Left Leg"]={cf=cfr(-.317,.161,.06,.982,-.01,.186,.01,1,.003,-.186,-.001,.982);es="Linear";ed="In";};["Right Leg"]={cf=cfr(-.096,-.035,.003,.919,-.141,-.368,.102,.987,-.124,.381,.076,.921);es="Linear";ed="In";};["Left Arm"]={cf=cfr(-.338,.052,.043,-.552,.694,.463,-.577,-.719,.389,.603,-.052,.796);es="Linear";ed="In";};["Right Arm"]={cf=cfr(.251,.185,.137,-.582,-.582,-.569,.736,-.674,-.064,-.346,-.456,.82);es="Linear";ed="In";};["Head"]={cf=cfr(0,0,.018,.996,-.055,-.065,.061,.994,.095,.06,-.099,.993);es="Linear";ed="In";};};{tm=1.3;["Torso"]={cf=cfr(.067,-.183,.138,.999,-.01,.053,.021,.98,-.198,-.05,.199,.979);es="Linear";ed="In";};["Left Leg"]={cf=cfr(-.304,.145,.047,.987,-.002,.162,.001,1,.008,-.162,-.008,.987);es="Linear";ed="In";};["Right Leg"]={cf=cfr(.027,.002,.043,.941,-.08,-.328,.045,.993,-.111,.334,.089,.938);es="Linear";ed="In";};["Left Arm"]={cf=cfr(-.328,.097,.04,-.564,.459,.686,-.528,-.84,.128,.635,-.29,.716);es="Linear";ed="In";};["Right Arm"]={cf=cfr(.256,.187,.091,-.636,-.467,-.614,.645,-.759,-.09,-.424,-.454,.784);es="Linear";ed="In";};["Head"]={cf=cfr(0,0,.018,.995,-.057,-.076,.064,.993,.095,.07,-.099,.993);es="Linear";ed="In";};};{tm=1.333;["Torso"]={cf=cfr(.068,-.19,.172,.999,-.01,.053,.021,.98,-.198,-.05,.199,.979);es="Linear";ed="In";};["Left Leg"]={cf=cfr(-.32,.151,.05,.987,-.015,.162,.014,1,.008,-.162,-.005,.987);es="Linear";ed="In";};["Right Leg"]={cf=cfr(.297,.126,.118,.962,.031,-.27,-.061,.992,-.106,.264,.118,.957);es="Linear";ed="In";};["Left Arm"]={cf=cfr(-.317,.089,-.012,-.632,.362,.685,-.542,-.838,-.057,.554,-.408,.726);es="Linear";ed="In";};["Right Arm"]={cf=cfr(.246,.192,.018,-.693,-.407,-.596,.607,-.775,-.176,-.39,-.483,.784);es="Linear";ed="In";};["Head"]={cf=cfr(0,0,.018,.995,-.057,-.077,.064,.993,.098,.071,-.102,.992);es="Linear";ed="In";};};{tm=1.367;["Torso"]={cf=cfr(.07,-.194,.196,.999,-.01,.053,.021,.98,-.198,-.05,.199,.979);es="Linear";ed="In";};["Left Leg"]={cf=cfr(-.34,.16,.053,.986,-.03,.162,.029,1,.007,-.162,-.003,.987);es="Linear";ed="In";};["Right Leg"]={cf=cfr(.503,.35,.14,.981,.054,-.185,-.074,.992,-.104,.178,.116,.977);es="Linear";ed="In";};["Left Arm"]={cf=cfr(-.314,.065,-.091,-.724,.325,.609,-.546,-.809,-.217,.422,-.489,.763);es="Linear";ed="In";};["Right Arm"]={cf=cfr(.243,.193,-.077,-.761,-.379,-.526,.582,-.757,-.297,-.285,-.532,.797);es="Linear";ed="In";};["Head"]={cf=cfr(0,0,.018,.995,-.056,-.077,.064,.992,.106,.071,-.11,.991);es="Linear";ed="In";};};{tm=1.4;["Torso"]={cf=cfr(.07,-.197,.208,.999,-.01,.053,.021,.98,-.198,-.05,.199,.979);es="Linear";ed="In";};["Left Leg"]={cf=cfr(-.378,.179,.059,.985,-.053,.162,.052,.999,.007,-.162,.001,.987);es="Linear";ed="In";};["Right Leg"]={cf=cfr(.534,.625,.104,.995,-.04,-.095,.031,.996,-.087,.098,.084,.992);es="Linear";ed="In";};["Left Arm"]={cf=cfr(-.319,.04,-.159,-.803,.342,.488,-.532,-.78,-.329,.268,-.524,.808);es="Linear";ed="In";};["Right Arm"]={cf=cfr(.246,.192,-.155,-.822,-.396,-.411,.554,-.724,-.411,-.135,-.565,.814);es="Linear";ed="In";};["Head"]={cf=cfr(0,0,.018,.995,-.055,-.078,.064,.991,.118,.071,-.123,.99);es="Linear";ed="In";};};{tm=1.433;["Torso"]={cf=cfr(.071,-.198,.212,.999,-.01,.053,.021,.98,-.198,-.05,.199,.979);es="Linear";ed="In";};["Left Leg"]={cf=cfr(-.435,.213,.068,.983,-.088,.162,.088,.996,.007,-.162,.008,.987);es="Linear";ed="In";};["Right Leg"]={cf=cfr(.447,.817,.048,.985,-.171,-.03,.169,.984,-.053,.039,.047,.998);es="Linear";ed="In";};["Left Arm"]={cf=cfr(-.326,.031,-.186,-.847,.377,.376,-.512,-.768,-.385,.144,-.518,.843);es="Linear";ed="In";};["Right Arm"]={cf=cfr(.254,.191,-.187,-.855,-.437,-.28,.519,-.707,-.48,.012,-.555,.831);es="Linear";ed="In";};["Head"]={cf=cfr(0,0,.018,.996,-.053,-.078,.063,.989,.132,.07,-.137,.988);es="Linear";ed="In";};};{tm=1.467;["Torso"]={cf=cfr(.071,-.198,.213,.999,-.01,.053,.021,.98,-.198,-.05,.199,.979);es="Linear";ed="In";};["Left Leg"]={cf=cfr(-.503,.261,.079,.978,-.13,.162,.131,.991,.006,-.161,.015,.987);es="Linear";ed="In";};["Right Leg"]={cf=cfr(.4,.875,.023,.974,-.226,-.008,.225,.974,-.033,.015,.031,.999);es="Linear";ed="In";};["Left Arm"]={cf=cfr(-.35,.043,-.24,-.842,.5,.204,-.532,-.831,-.161,.089,-.245,.965);es="Linear";ed="In";};["Right Arm"]={cf=cfr(.286,.199,-.239,-.801,-.597,-.044,.577,-.749,-.325,.161,-.286,.945);es="Linear";ed="In";};["Head"]={cf=cfr(0,0,.018,.996,-.052,-.079,.063,.987,.145,.07,-.149,.986);es="Linear";ed="In";};};{tm=1.5;["Torso"]={cf=cfr(.07,-.194,.195,.999,-.01,.053,.021,.98,-.198,-.05,.199,.979);es="Linear";ed="In";};["Left Leg"]={cf=cfr(-.556,.414,.096,.983,-.084,.161,.087,.996,-.015,-.159,.029,.987);es="Linear";ed="In";};["Right Leg"]={cf=cfr(.424,.864,.024,.979,-.202,-.008,.201,.979,-.034,.014,.032,.999);es="Linear";ed="In";};["Left Arm"]={cf=cfr(-.375,.016,-.359,-.772,.625,-.115,-.616,-.692,.377,.156,.361,.919);es="Linear";ed="In";};["Right Arm"]={cf=cfr(.309,.173,-.361,-.591,-.715,.373,.787,-.613,.072,.177,.336,.925);es="Linear";ed="In";};["Head"]={cf=cfr(0,0,.018,.996,-.05,-.079,.062,.986,.153,.07,-.157,.985);es="Linear";ed="In";};};{tm=1.533;["Torso"]={cf=cfr(.066,-.182,.133,.999,-.01,.053,.021,.98,-.198,-.05,.199,.979);es="Linear";ed="In";};["Left Leg"]={cf=cfr(-.527,.572,.107,.987,.01,.158,-.004,.999,-.039,-.159,.038,.987);es="Linear";ed="In";};["Right Leg"]={cf=cfr(.474,.82,.024,.987,-.158,-.006,.158,.987,-.037,.011,.036,.999);es="Linear";ed="In";};["Left Arm"]={cf=cfr(-.386,-.033,-.402,-.667,.684,-.295,-.701,-.442,.56,.253,.58,.774);es="Linear";ed="In";};["Right Arm"]={cf=cfr(.306,.128,-.413,-.432,-.703,.565,.899,-.386,.207,.073,.598,.798);es="Linear";ed="In";};["Head"]={cf=cfr(0,0,.018,.996,-.049,-.079,.061,.986,.156,.07,-.16,.985);es="Linear";ed="In";};};{tm=1.567;["Torso"]={cf=cfr(.062,-.163,.039,.998,-.01,.055,.021,.98,-.198,-.052,.199,.979);es="Linear";ed="In";};["Left Leg"]={cf=cfr(-.531,.608,.105,.988,.006,.157,-.001,.999,-.034,-.157,.033,.987);es="Linear";ed="In";};["Right Leg"]={cf=cfr(.517,.741,.018,.991,-.134,-.002,.134,.99,-.035,.007,.035,.999);es="Linear";ed="In";};["Left Arm"]={cf=cfr(-.379,-.071,-.376,-.478,.802,-.358,-.809,-.244,.534,.342,.545,.766);es="Linear";ed="In";};["Right Arm"]={cf=cfr(.314,.077,-.414,-.347,-.733,.585,.938,-.285,.199,.021,.617,.786);es="Linear";ed="In";};["Head"]={cf=cfr(0,0,.018,.996,-.048,-.077,.06,.986,.156,.068,-.16,.985);es="Linear";ed="In";};};{tm=1.6;["Torso"]={cf=cfr(.058,-.137,-.086,.998,-.01,.059,.022,.98,-.198,-.056,.199,.978);es="Linear";ed="In";};["Left Leg"]={cf=cfr(-.534,.568,.094,.987,-.002,.158,.005,1,-.018,-.158,.018,.987);es="Linear";ed="In";};["Right Leg"]={cf=cfr(.545,.666,-.001,.994,-.113,-.004,.113,.994,-.011,.005,.01,1);es="Linear";ed="In";};["Left Arm"]={cf=cfr(-.31,-.13,-.306,-.165,.892,-.422,-.869,.071,.489,.466,.447,.763);es="Linear";ed="In";};["Right Arm"]={cf=cfr(.323,-.023,-.406,-.295,-.751,.591,.955,-.219,.197,-.019,.623,.782);es="Linear";ed="In";};["Head"]={cf=cfr(0,0,.018,.996,-.048,-.07,.058,.986,.157,.062,-.16,.985);es="Linear";ed="In";};};{tm=1.633;["Torso"]={cf=cfr(.054,-.109,-.224,.998,-.01,.066,.023,.98,-.197,-.062,.199,.978);es="Linear";ed="In";};["Left Leg"]={cf=cfr(-.52,.492,.083,.987,-.004,.162,.004,1,.001,-.162,0,.987);es="Linear";ed="In";};["Right Leg"]={cf=cfr(.555,.584,-.024,.997,-.077,-.022,.078,.996,.041,.019,-.043,.999);es="Linear";ed="In";};["Left Arm"]={cf=cfr(-.194,-.19,-.211,.174,.869,-.464,-.81,.394,.434,.559,.301,.772);es="Linear";ed="In";};["Right Arm"]={cf=cfr(.335,-.145,-.389,-.256,-.769,.586,.965,-.168,.201,-.056,.616,.785);es="Linear";ed="In";};["Head"]={cf=cfr(0,0,.018,.997,-.047,-.059,.056,.986,.157,.051,-.16,.986);es="Linear";ed="In";};};{tm=1.667;["Torso"]={cf=cfr(.05,-.085,-.346,.997,-.01,.07,.024,.98,-.197,-.067,.199,.978);es="Linear";ed="In";};["Left Leg"]={cf=cfr(-.439,.426,.139,.966,.006,.257,0,1,-.026,-.257,.025,.966);es="Linear";ed="In";};["Right Leg"]={cf=cfr(.511,.469,-.027,.997,-.053,-.058,.059,.994,.097,.053,-.1,.994);es="Linear";ed="In";};["Left Arm"]={cf=cfr(-.091,-.226,-.136,.39,.786,-.479,-.705,.59,.394,.593,.184,.784);es="Linear";ed="In";};["Right Arm"]={cf=cfr(.349,-.248,-.367,-.197,-.794,.575,.974,-.093,.205,-.109,.601,.792);es="Linear";ed="In";};["Head"]={cf=cfr(0,0,.018,.998,-.045,-.044,.052,.986,.158,.036,-.16,.986);es="Linear";ed="In";};};{tm=1.7;["Torso"]={cf=cfr(.046,-.067,-.436,.997,-.01,.072,.024,.98,-.197,-.068,.199,.978);es="Linear";ed="In";};["Left Leg"]={cf=cfr(-.368,.428,.211,.931,.012,.365,.014,.997,-.069,-.365,.07,.928);es="Linear";ed="In";};["Right Leg"]={cf=cfr(.5,.461,-.007,.994,-.013,-.105,.025,.994,.11,.103,-.112,.988);es="Linear";ed="In";};["Left Arm"]={cf=cfr(-.053,-.236,-.11,.455,.749,-.481,-.66,.647,.382,.597,.144,.789);es="Linear";ed="In";};["Right Arm"]={cf=cfr(.363,-.303,-.341,-.094,-.819,.565,.978,.03,.207,-.187,.572,.798);es="Linear";ed="In";};["Head"]={cf=cfr(0,0,.018,.999,-.043,-.028,.047,.986,.158,.021,-.159,.987);es="Linear";ed="In";};};{tm=1.733;["Torso"]={cf=cfr(.042,-.055,-.495,.997,-.01,.072,.024,.98,-.197,-.068,.199,.978);es="Linear";ed="In";};["Left Leg"]={cf=cfr(-.35,.478,.246,.915,.011,.403,.026,.996,-.086,-.402,.089,.911);es="Linear";ed="In";};["Right Leg"]={cf=cfr(.515,.502,.036,.987,.037,-.159,-.024,.996,.084,.161,-.079,.984);es="Linear";ed="In";};["Left Arm"]={cf=cfr(-.055,-.233,-.116,.434,.756,-.489,-.681,.631,.371,.589,.172,.789);es="Linear";ed="In";};["Right Arm"]={cf=cfr(.374,-.315,-.309,.09,-.824,.559,.947,.244,.208,-.308,.51,.803);es="Linear";ed="In";};["Head"]={cf=cfr(0,0,.018,.999,-.039,-.01,.04,.987,.159,.003,-.159,.987);es="Linear";ed="In";};};{tm=1.767;["Torso"]={cf=cfr(.04,-.049,-.522,.997,-.01,.072,.024,.98,-.197,-.068,.199,.978);es="Linear";ed="In";};["Left Leg"]={cf=cfr(-.322,.506,.263,.899,.017,.437,.024,.996,-.088,-.436,.09,.895);es="Linear";ed="In";};["Right Leg"]={cf=cfr(.494,.495,.104,.972,.065,-.226,-.061,.998,.028,.227,-.014,.974);es="Linear";ed="In";};["Left Arm"]={cf=cfr(-.058,-.223,-.132,.369,.775,-.513,-.743,.578,.339,.559,.256,.789);es="Linear";ed="In";};["Right Arm"]={cf=cfr(.371,-.29,-.261,.377,-.741,.556,.798,.564,.21,-.469,.365,.804);es="Linear";ed="In";};["Head"]={cf=cfr(0,0,.018,.999,-.034,.013,.032,.987,.159,-.019,-.158,.987);es="Linear";ed="In";};};{tm=1.8;["Torso"]={cf=cfr(.039,-.048,-.527,.997,-.01,.072,.024,.98,-.197,-.068,.199,.978);es="Linear";ed="In";};["Left Leg"]={cf=cfr(-.293,.522,.264,.884,.024,.466,.012,.997,-.075,-.467,.072,.882);es="Linear";ed="In";};["Right Leg"]={cf=cfr(.451,.45,.18,.952,.076,-.295,-.093,.995,-.044,.29,.07,.955);es="Linear";ed="In";};["Left Arm"]={cf=cfr(-.062,-.204,-.156,.266,.791,-.551,-.825,.482,.294,.498,.377,.781);es="Linear";ed="In";};["Right Arm"]={cf=cfr(.339,-.22,-.191,.661,-.502,.558,.471,.856,.212,-.584,.123,.803);es="Linear";ed="In";};["Head"]={cf=cfr(0,0,.018,.999,-.029,.041,.022,.987,.159,-.045,-.158,.986);es="Linear";ed="In";};};{tm=1.833;["Torso"]={cf=cfr(.03,-.055,-.496,.998,-.01,.06,.022,.98,-.198,-.057,.199,.978);es="Linear";ed="In";};["Left Leg"]={cf=cfr(-.263,.496,.256,.871,.034,.491,-.004,.998,-.062,-.492,.052,.869);es="Linear";ed="In";};["Right Leg"]={cf=cfr(.394,.382,.231,.932,.071,-.355,-.113,.989,-.099,.344,.132,.93);es="Linear";ed="In";};["Left Arm"]={cf=cfr(-.061,-.18,-.179,.149,.791,-.594,-.899,.359,.252,.412,.497,.764);es="Linear";ed="In";};["Right Arm"]={cf=cfr(.293,-.112,-.117,.803,-.2,.562,.095,.973,.21,-.589,-.115,.8);es="Linear";ed="In";};["Head"]={cf=cfr(0,0,.018,.998,-.023,.058,.013,.987,.159,-.061,-.158,.986);es="Linear";ed="In";};};{tm=1.867;["Torso"]={cf=cfr(.007,-.068,-.431,.999,-.01,.031,.016,.98,-.198,-.028,.199,.98);es="Linear";ed="In";};["Left Leg"]={cf=cfr(-.222,.414,.239,.86,.051,.508,-.025,.998,-.059,-.51,.038,.859);es="Linear";ed="In";};["Right Leg"]={cf=cfr(.33,.321,.239,.915,.054,-.4,-.106,.988,-.111,.389,.144,.91);es="Linear";ed="In";};["Left Arm"]={cf=cfr(-.059,-.156,-.196,.048,.776,-.629,-.944,.24,.225,.325,.583,.744);es="Linear";ed="In";};["Right Arm"]={cf=cfr(.261,-.014,-.058,.825,.006,.564,-.149,.967,.208,-.545,-.256,.799);es="Linear";ed="In";};["Head"]={cf=cfr(0,0,.018,.998,-.017,.058,.008,.987,.158,-.06,-.157,.986);es="Linear";ed="In";};};{tm=1.9;["Torso"]={cf=cfr(-.013,-.074,-.4,1,-.01,.005,.011,.98,-.199,-.003,.199,.98);es="Linear";ed="In";};["Left Leg"]={cf=cfr(-.19,.368,.221,.853,.065,.519,-.044,.998,-.053,-.521,.022,.853);es="Linear";ed="In";};["Right Leg"]={cf=cfr(.302,.313,.234,.907,.045,-.419,-.095,.991,-.099,.41,.13,.903);es="Linear";ed="In";};["Left Arm"]={cf=cfr(-.056,-.14,-.205,-.023,.762,-.648,-.964,.154,.215,.263,.629,.731);es="Linear";ed="In";};["Right Arm"]={cf=cfr(.251,.031,-.013,.822,.071,.565,-.225,.952,.207,-.524,-.297,.798);es="Linear";ed="In";};["Head"]={cf=cfr(0,0,.018,.998,-.012,.059,.002,.988,.158,-.06,-.157,.986);es="Linear";ed="In";};};{tm=1.933;["Torso"]={cf=cfr(-.026,-.074,-.405,1,-.01,-.014,.008,.98,-.199,.016,.199,.98);es="Linear";ed="In";};["Left Leg"]={cf=cfr(-.239,.466,.236,.86,.032,.51,-.019,.999,-.031,-.511,.017,.86);es="Linear";ed="In";};["Right Leg"]={cf=cfr(.319,.346,.224,.912,.05,-.408,-.088,.993,-.075,.401,.104,.91);es="Linear";ed="In";};["Left Arm"]={cf=cfr(-.041,-.129,-.198,-.076,.751,-.656,-.973,.088,.214,.218,.654,.724);es="Linear";ed="In";};["Right Arm"]={cf=cfr(.235,.042,.028,.827,.022,.562,-.171,.962,.213,-.536,-.273,.799);es="Linear";ed="In";};["Head"]={cf=cfr(0,0,.018,.998,-.006,.068,-.005,.988,.157,-.068,-.157,.985);es="Linear";ed="In";};};{tm=1.967;["Torso"]={cf=cfr(-.039,-.071,-.42,.999,-.01,-.034,.004,.98,-.199,.035,.199,.979);es="Linear";ed="In";};["Left Leg"]={cf=cfr(-.302,.59,.2,.881,-.001,.472,-.017,.999,.034,-.472,-.038,.881);es="Linear";ed="In";};["Right Leg"]={cf=cfr(.368,.398,.198,.928,.063,-.367,-.082,.996,-.038,.363,.066,.93);es="Linear";ed="In";};["Left Arm"]={cf=cfr(-.002,-.123,-.167,-.126,.741,-.659,-.977,.024,.213,.174,.671,.721);es="Linear";ed="In";};["Right Arm"]={cf=cfr(.192,.051,.075,.825,-.128,.55,-.003,.973,.231,-.564,-.192,.803);es="Linear";ed="In";};["Head"]={cf=cfr(0,0,.018,.997,.001,.082,-.014,.988,.157,-.081,-.157,.984);es="Linear";ed="In";};};{tm=2;["Torso"]={cf=cfr(-.05,-.066,-.441,.999,-.01,-.053,0,.98,-.199,.054,.199,.979);es="Linear";ed="In";};["Left Leg"]={cf=cfr(-.319,.538,.101,.913,.018,.407,-.083,.986,.142,-.398,-.163,.903);es="Linear";ed="In";};["Right Leg"]={cf=cfr(.442,.461,.151,.951,.08,-.299,-.08,.997,.01,.298,.014,.954);es="Linear";ed="In";};["Left Arm"]={cf=cfr(.057,-.122,-.115,-.169,.733,-.659,-.976,-.032,.214,.136,.68,.721);es="Linear";ed="In";};["Right Arm"]={cf=cfr(.126,.067,.118,.769,-.36,.528,.265,.931,.25,-.581,-.052,.812);es="Linear";ed="In";};["Head"]={cf=cfr(0,0,.018,.995,.008,.098,-.023,.987,.156,-.095,-.158,.983);es="Linear";ed="In";};};{tm=2.033;["Torso"]={cf=cfr(-.059,-.062,-.466,.997,-.01,-.07,-.004,.98,-.199,.071,.199,.978);es="Linear";ed="In";};["Left Leg"]={cf=cfr(-.299,.455,.01,.947,.063,.316,-.146,.958,.246,-.287,-.279,.916);es="Linear";ed="In";};["Right Leg"]={cf=cfr(.523,.524,.085,.972,.096,-.216,-.084,.994,.063,.221,-.043,.974);es="Linear";ed="In";};["Left Arm"]={cf=cfr(.122,-.125,-.055,-.202,.727,-.656,-.974,-.077,.214,.105,.682,.724);es="Linear";ed="In";};["Right Arm"]={cf=cfr(.048,.099,.155,.622,-.601,.501,.557,.79,.256,-.55,.12,.826);es="Linear";ed="In";};["Head"]={cf=cfr(0,0,.018,.993,.015,.114,-.033,.987,.156,-.11,-.159,.981);es="Linear";ed="In";};};{tm=2.067;["Torso"]={cf=cfr(-.066,-.057,-.488,.997,-.01,-.082,-.006,.98,-.199,.083,.199,.977);es="Linear";ed="In";};["Left Leg"]={cf=cfr(-.366,.489,-.057,.972,.049,.231,-.125,.937,.328,-.201,-.347,.916);es="Linear";ed="In";};["Right Leg"]={cf=cfr(.59,.572,.015,.984,.107,-.14,-.092,.99,.109,.15,-.094,.984);es="Linear";ed="In";};["Left Arm"]={cf=cfr(.18,-.129,-.001,-.225,.724,-.652,-.971,-.109,.215,.085,.681,.727);es="Linear";ed="In";};["Right Arm"]={cf=cfr(-.031,.141,.181,.424,-.764,.486,.774,.585,.244,-.47,.273,.839);es="Linear";ed="In";};["Head"]={cf=cfr(0,0,.018,.992,.02,.127,-.04,.987,.156,-.1