-- // converted using mech's animoduler
local cfr = CFrame.new

return {{tm=0;["Torso"]={cf=cfr(.252,-.004,-.243,.999,-.027,-.047,.027,1,-.005,.047,.003,.999);es="Linear";ed="In";};["Left Leg"]={cf=cfr(-.594,-.014,-.17,.921,-.217,-.325,.159,.968,-.196,.357,.128,.925);es="Linear";ed="In";};["Right Leg"]={cf=cfr(.643,.479,-.472,.938,.315,.142,-.272,.418,.867,.213,-.852,.478);es="Linear";ed="In";};["Left Arm"]={cf=cfr(.138,-.363,.208,.106,.793,-.6,-.278,.603,.748,.955,.088,.284);es="Linear";ed="In";};["Head"]={cf=cfr(0,0,.018,.994,-.026,.105,.027,1,-.005,-.104,.007,.994);es="Linear";ed="In";};["Right Arm"]={cf=cfr(-.237,.136,.211,.706,.247,.664,-.449,.881,.15,-.548,-.404,.733);es="Linear";ed="In";};};{tm=.033;["Torso"]={cf=cfr(.284,-.002,-.449,1,-.027,-.008,.027,1,-.004,.009,.003,1);es="Linear";ed="In";};["Left Leg"]={cf=cfr(-1.031,.568,-.348,.856,-.474,-.205,.513,.829,.225,.063,-.297,.953);es="Linear";ed="In";};["Right Leg"]={cf=cfr(.83,.668,-.164,.856,.495,-.149,-.376,.793,.479,.355,-.354,.865);es="Linear";ed="In";};["Left Arm"]={cf=cfr(.153,-.267,.09,-.359,.715,-.6,-.787,.114,.607,.502,.69,.522);es="Linear";ed="In";};["Head"]={cf=cfr(0,0,.018,.999,-.027,.035,.027,1,-.004,-.035,.005,.999);es="Linear";ed="In";};["Right Arm"]={cf=cfr(.001,-.222,-.027,.522,-.833,.185,.238,.35,.906,-.819,-.429,.381);es="Linear";ed="In";};};{tm=.067;["Torso"]={cf=cfr(.313,-.002,-.243,.999,-.027,.03,.027,1,-.003,-.03,.003,1);es="Linear";ed="In";};["Left Leg"]={cf=cfr(.192,.934,-.199,.333,-.13,.934,-.423,.865,.271,-.843,-.485,.233);es="Linear";ed="In";};["Right Leg"]={cf=cfr(.278,-.066,.085,.944,.222,-.245,-.268,.948,-.172,.194,.228,.954);es="Linear";ed="In";};["Left Arm"]={cf=cfr(.174,-.4,.232,.594,.609,-.526,-.424,.792,.439,.684,-.037,.729);es="Linear";ed="In";};["Head"]={cf=cfr(0,0,.018,.999,-.027,-.034,.027,1,-.003,.034,.002,.999);es="Linear";ed="In";};["Right Arm"]={cf=cfr(-.024,-.05,.044,.793,.19,-.579,.133,.873,.468,.595,-.448,.667);es="Linear";ed="In";};};{tm=.1;["Torso"]={cf=cfr(.313,-.002,-.243,.976,-.213,.03,.214,.977,-.003,-.029,.009,1);es="Linear";ed="In";};["Left Leg"]={cf=cfr(.459,.275,-.256,.203,.201,.958,-.716,.698,.005,-.668,-.687,.285);es="Linear";ed="In";};["Right Leg"]={cf=cfr(.197,-.073,.111,.909,.221,-.354,-.293,.942,-.164,.297,.253,.921);es="Linear";ed="In";};["Left Arm"]={cf=cfr(.293,-.09,.183,1,-.001,-.016,.005,.965,.264,.015,-.264,.964);es="Linear";ed="In";};["Head"]={cf=cfr(0,0,.018,.969,.244,-.038,-.245,.969,-.016,.033,.025,.999);es="Linear";ed="In";};["Right Arm"]={cf=cfr(.07,-.008,.02,.999,-.005,-.039,.009,.993,.117,.039,-.117,.992);es="Linear";ed="In";};};{tm=.133;["Torso"]={cf=cfr(.311,-.003,-.243,.919,-.392,.028,.393,.92,-.004,-.024,.014,1);es="Linear";ed="In";};["Left Leg"]={cf=cfr(.041,.453,-.251,.862,.339,.377,-.507,.557,.658,.013,-.758,.652);es="Linear";ed="In";};["Right Leg"]={cf=cfr(.127,-.075,.127,.869,.22,-.443,-.315,.937,-.152,.382,.271,.884);es="Linear";ed="In";};["Left Arm"]={cf=cfr(.174,-.4,.232,.418,.609,-.674,-.28,.792,.542,.864,-.037,.502);es="Linear";ed="In";};["Head"]={cf=cfr(0,0,.018,.866,.497,-.05,-.498,.867,-.024,.031,.046,.998);es="Linear";ed="In";};["Right Arm"]={cf=cfr(.106,.032,.269,.819,-.125,.561,.249,.957,-.15,-.518,.263,.814);es="Linear";ed="In";};};{tm=.167;["Torso"]={cf=cfr(.372,-.005,-.12,.947,-.32,.015,.32,.947,-.006,-.012,.011,1);es="Linear";ed="In";};["Left Leg"]={cf=cfr(-.133,.384,-.233,.959,.268,-.093,-.119,.678,.725,.258,-.684,.682);es="Linear";ed="In";};["Right Leg"]={cf=cfr(-.189,-.054,-.04,.948,.023,-.318,-.058,.993,-.101,.314,.114,.943);es="Linear";ed="In";};["Left Arm"]={cf=cfr(.126,-.262,.2,.327,.943,-.062,-.936,.332,.12,.133,.018,.991);es="Linear";ed="In";};["Head"]={cf=cfr(0,0,.018,.928,.369,-.057,-.371,.929,-.014,.047,.034,.998);es="Linear";ed="In";};["Right Arm"]={cf=cfr(.197,-.003,.198,.725,-.377,.576,.565,.804,-.185,-.393,.46,.796);es="Linear";ed="In";};};{tm=.2;["Torso"]={cf=cfr(.493,-.005,-.304,.985,-.174,-.002,.174,.985,-.008,.003,.007,1);es="Linear";ed="In";};["Left Leg"]={cf=cfr(-.571,.365,-.217,.985,-.149,-.093,.175,.857,.485,.008,-.494,.869);es="Linear";ed="In";};["Right Leg"]={cf=cfr(.49,.079,.081,.929,.333,-.164,-.34,.94,-.017,.149,.071,.986);es="Linear";ed="In";};["Left Arm"]={cf=cfr(.162,-.196,.141,.097,.905,-.415,-.531,.4,.747,.842,.147,.519);es="Linear";ed="In";};["Head"]={cf=cfr(0,0,.018,.997,.048,-.067,-.049,.999,-.007,.067,.01,.998);es="Linear";ed="In";};["Right Arm"]={cf=cfr(.308,-.026,.124,.402,-.722,.564,.91,.383,-.159,-.101,.577,.811);es="Linear";ed="In";};};{tm=.233;["Torso"]={cf=cfr(.563,-.005,-.235,.996,-.082,-.017,.082,.997,-.007,.018,.006,1);es="Linear";ed="In";};["Left Leg"]={cf=cfr(-.441,.15,-.044,.983,-.182,-.028,.185,.97,.159,-.002,-.161,.987);es="Linear";ed="In";};["Right Leg"]={cf=cfr(.439,.1,.025,.958,.271,-.091,-.267,.962,.05,.101,-.024,.995);es="Linear";ed="In";};["Left Arm"]={cf=cfr(.292,-.248,.226,.512,.317,-.798,.179,.869,.461,.84,-.379,.389);es="Linear";ed="In";};["Head"]={cf=cfr(0,0,.018,.994,-.078,-.081,.078,.997,-.007,.081,.001,.997);es="Linear";ed="In";};["Right Arm"]={cf=cfr(.255,-.169,.13,.74,-.371,.561,.532,.833,-.15,-.411,.41,.814);es="Linear";ed="In";};};{tm=.267;["Torso"]={cf=cfr(.552,-.005,-.235,.996,-.082,-.03,.082,.997,-.008,.031,.005,1);es="Linear";ed="In";};["Left Leg"]={cf=cfr(-.341,-.003,.068,.976,-.145,.162,.171,.973,-.156,-.135,.18,.974);es="Linear";ed="In";};["Right Leg"]={cf=cfr(-.347,.267,-.219,.816,.049,-.576,.253,.866,.431,.52,-.497,.694);es="Linear";ed="In";};["Left Arm"]={cf=cfr(-.049,-.134,.218,.882,.292,-.369,-.041,.829,.558,.469,-.477,.744);es="Linear";ed="In";};["Head"]={cf=cfr(0,0,.018,.998,-.034,-.052,.033,.999,-.012,.052,.01,.999);es="Linear";ed="In";};["Right Arm"]={cf=cfr(.13,-.224,.017,.999,-.035,-.04,.045,.957,.288,.028,-.289,.957);es="Linear";ed="In";};};{tm=.3;["Torso"]={cf=cfr(.543,-.006,-.235,.996,-.082,-.042,.082,.997,-.009,.042,.005,.999);es="Linear";ed="In";};["Left Leg"]={cf=cfr(-.25,.16,-.046,.994,.1,-.042,-.091,.98,.174,.059,-.17,.984);es="Linear";ed="In";};["Right Leg"]={cf=cfr(.416,.108,.052,.949,.277,-.15,-.272,.961,.052,.158,-.008,.987);es="Linear";ed="In";};["Left Arm"]={cf=cfr(.134,-.18,.248,.87,.241,-.43,.079,.793,.604,.486,-.559,.671);es="Linear";ed="In";};["Head"]={cf=cfr(0,0,.018,.998,.062,.028,-.062,.998,-.025,-.029,.023,.999);es="Linear";ed="In";};["Right Arm"]={cf=cfr(.07,-.162,-.086,.834,-.398,.382,.449,.892,-.052,-.32,.215,.923);es="Linear";ed="In";};};{tm=.333;["Torso"]={cf=cfr(.54,-.007,-.235,.996,-.082,-.045,.082,.997,-.01,.046,.006,.999);es="Linear";ed="In";};["Left Leg"]={cf=cfr(.186,.041,-.048,.891,.296,.344,-.341,.937,.075,-.3,-.184,.936);es="Linear";ed="In";};["Right Leg"]={cf=cfr(-.058,.083,.172,.69,.199,-.696,-.269,.963,.009,.672,.181,.718);es="Linear";ed="In";};["Left Arm"]={cf=cfr(.257,-.242,.193,.672,.499,-.548,-.222,.841,.494,.707,-.211,.675);es="Linear";ed="In";};["Head"]={cf=cfr(0,0,.018,.992,.108,.066,-.105,.994,-.035,-.069,.027,.997);es="Linear";ed="In";};["Right Arm"]={cf=cfr(-.132,-.117,.019,.575,.211,.79,-.389,.921,.037,-.72,-.328,.612);es="Linear";ed="In";};};{tm=.367;["Torso"]={cf=cfr(.564,-.007,-.378,.997,-.076,-.018,.076,.997,-.012,.019,.01,1);es="Linear";ed="In";};["Left Leg"]={cf=cfr(-.472,.163,.171,.933,-.223,.281,.255,.964,-.081,-.253,.148,.956);es="Linear";ed="In";};["Right Leg"]={cf=cfr(-.067,.593,.238,.465,.261,-.846,-.155,.965,.212,.872,.032,.489);es="Linear";ed="In";};["Left Arm"]={cf=cfr(.21,-.233,.297,.241,.275,-.931,.397,.847,.353,.886,-.455,.095);es="Linear";ed="In";};["Head"]={cf=cfr(0,0,.018,.994,.094,.054,-.092,.995,-.032,-.057,.027,.998);es="Linear";ed="In";};["Right Arm"]={cf=cfr(-.158,-.097,.213,.131,-.02,.991,-.682,.724,.104,-.72,-.69,.081);es="Linear";ed="In";};};{tm=.4;["Torso"]={cf=cfr(.609,-.013,-.177,.997,-.062,.034,.063,.998,-.016,-.033,.018,.999);es="Linear";ed="In";};["Left Leg"]={cf=cfr(-.215,.063,.066,.971,-.021,.236,.036,.998,-.059,-.235,.066,.97);es="Linear";ed="In";};["Right Leg"]={cf=cfr(-.134,.599,-.347,.733,.193,-.652,.441,.595,.672,.517,-.78,.351);es="Linear";ed="In";};["Left Arm"]={cf=cfr(.07,-.37,.444,.772,.558,-.303,.262,.154,.953,.579,-.815,-.027);es="Linear";ed="In";};["Head"]={cf=cfr(0,0,.018,.998,.063,.024,-.062,.998,-.025,-.026,.023,.999);es="Linear";ed="In";};["Right Arm"]={cf=cfr(-.21,-.316,.527,.724,-.167,.67,-.683,-.035,.729,-.098,-.985,-.14);es="Linear";ed="In";};};{tm=.433;["Torso"]={cf=cfr(.628,-.015,-.236,.996,-.053,.066,.054,.998,-.02,-.065,.024,.998);es="Linear";ed="In";};["Left Leg"]={cf=cfr(-.353,.159,.064,.986,-.02,.166,.025,.999,-.027,-.166,.031,.986);es="Linear";ed="In";};["Right Leg"]={cf=cfr(-.235,.448,-.12,.594,.153,-.79,.276,.884,.378,.756,-.442,.482);es="Linear";ed="In";};["Left Arm"]={cf=cfr(-.07,.028,.492,.899,.245,.363,-.281,-.314,.907,.337,-.917,-.213);es="Linear";ed="In";};["Head"]={cf=cfr(0,0,.018,.999,.049,.018,-.048,.999,-.024,-.019,.023,1);es="Linear";ed="In";};["Right Arm"]={cf=cfr(-.281,.07,.639,.956,.194,.222,-.124,-.418,.9,.267,-.887,-.376);es="Linear";ed="In";};};{tm=.467;["Torso"]={cf=cfr(.596,-.016,-.333,.998,-.052,.029,.053,.998,-.024,-.028,.026,.999);es="Linear";ed="In";};["Left Leg"]={cf=cfr(-.459,.34,.016,.987,-.061,.149,.039,.988,.148,-.157,-.14,.978);es="Linear";ed="In";};["Right Leg"]={cf=cfr(-.075,.202,.118,.706,.173,-.687,-.122,.985,.123,.698,-.002,.716);es="Linear";ed="In";};["Left Arm"]={cf=cfr(-.132,.004,.428,.438,.585,.682,-.478,-.491,.728,.761,-.645,.064);es="Linear";ed="In";};["Head"]={cf=cfr(0,0,.018,.999,.047,-.014,-.047,.997,-.066,.011,.067,.998);es="Linear";ed="In";};["Right Arm"]={cf=cfr(-.191,.042,.54,.857,-.257,-.447,.317,-.42,.85,-.406,-.87,-.278);es="Linear";ed="In";};};{tm=.5;["Torso"]={cf=cfr(.367,-.028,-.293,.998,-.052,-.044,.051,.998,-.027,.045,.025,.999);es="Linear";ed="In";};["Left Leg"]={cf=cfr(.018,.323,-.125,.946,.174,.274,-.299,.796,.526,-.127,-.579,.805);es="Linear";ed="In";};["Right Leg"]={cf=cfr(.379,.076,.079,.949,.247,-.197,-.255,.967,-.015,.187,.064,.98);es="Linear";ed="In";};["Left Arm"]={cf=cfr(-.128,-.185,.436,.736,.609,.296,-.29,-.111,.951,.612,-.785,.094);es="Linear";ed="In";};["Head"]={cf=cfr(0,0,.018,.996,.045,-.076,-.057,.985,-.166,.068,.169,.983);es="Linear";ed="In";};["Right Arm"]={cf=cfr(-.205,-.098,.376,.968,-.166,-.187,.192,.013,.981,-.16,-.986,.045);es="Linear";ed="In";};};{tm=.533;["Torso"]={cf=cfr(.506,-.021,-.238,.995,-.053,-.089,.051,.998,-.028,.09,.024,.996);es="Linear";ed="In";};["Left Leg"]={cf=cfr(-.132,.102,-.014,.989,.144,.046,-.148,.984,.102,-.031,-.107,.994);es="Linear";ed="In";};["Right Leg"]={cf=cfr(.119,.147,.105,.874,.191,-.447,-.164,.982,.097,.457,-.012,.889);es="Linear";ed="In";};["Left Arm"]={cf=cfr(-.081,-.314,.446,.916,.395,-.076,.001,.186,.983,.402,-.9,.17);es="Linear";ed="In";};["Head"]={cf=cfr(0,0,.018,.992,.043,-.117,-.071,.967,-.245,.103,.252,.962);es="Linear";ed="In";};["Right Arm"]={cf=cfr(-.243,-.197,.252,.999,.041,.023,-.037,.349,.936,.031,-.936,.35);es="Linear";ed="In";};};{tm=.567;["Torso"]={cf=cfr(.447,-.016,-.235,.999,-.018,-.041,.017,1,-.022,.042,.021,.999);es="Linear";ed="In";};["Left Leg"]={cf=cfr(-.159,.095,.168,.885,-.009,.465,.074,.99,-.123,-.46,.143,.877);es="Linear";ed="In";};["Right Leg"]={cf=cfr(-.101,.358,-.022,.753,.141,-.642,.113,.934,.338,.648,-.328,.688);es="Linear";ed="In";};["Left Arm"]={cf=cfr(-.077,-.214,.44,.918,.378,.121,.01,-.326,.945,.397,-.867,-.303);es="Linear";ed="In";};["Head"]={cf=cfr(0,0,.018,.994,.077,-.073,-.095,.956,-.279,.048,.285,.957);es="Linear";ed="In";};["Right Arm"]={cf=cfr(-.232,-.108,.264,.961,-.015,-.276,.273,-.105,.956,-.043,-.994,-.097);es="Linear";ed="In";};};{tm=.6;["Torso"]={cf=cfr(.302,-.017,-.235,.999,-.035,.014,.036,.999,-.022,-.014,.023,1);es="Linear";ed="In";};["Left Leg"]={cf=cfr(-.616,.287,-.071,.992,-.095,-.08,.099,.994,.045,.075,-.052,.996);es="Linear";ed="In";};["Right Leg"]={cf=cfr(.234,.145,.076,.966,.002,-.258,-.006,1,-.016,.258,.017,.966);es="Linear";ed="In";};["Left Arm"]={cf=cfr(-.094,-.308,.441,.886,.463,-.034,-.043,.154,.987,.462,-.873,.156);es="Linear";ed="In";};["Head"]={cf=cfr(0,0,.018,.997,.065,.032,-.047,.914,-.404,-.056,.401,.914);es="Linear";ed="In";};["Right Arm"]={cf=cfr(-.216,-.172,.259,.988,-.098,.12,-.096,.222,.97,-.121,-.97,.21);es="Linear";ed="In";};};{tm=.633;["Torso"]={cf=cfr(.106,-.021,-.238,.995,-.053,-.089,.051,.998,-.028,.09,.024,.996);es="Linear";ed="In";};["Left Leg"]={cf=cfr(.44,.115,-.294,.496,.249,.831,-.722,.651,.236,-.482,-.717,.503);es="Linear";ed="In";};["Right Leg"]={cf=cfr(-.227,.139,.081,.588,.123,-.8,-.129,.99,.057,.799,.069,.598);es="Linear";ed="In";};["Left Arm"]={cf=cfr(-.075,-.356,.434,.916,.368,-.163,.001,.402,.916,.402,-.839,.367);es="Linear";ed="In";};["Head"]={cf=cfr(0,0,.018,.998,.068,.009,-.056,.874,-.483,-.041,.481,.876);es="Linear";ed="In";};["Right Arm"]={cf=cfr(-.195,-.05,.244,.249,-.203,-.947,.861,-.401,.312,-.443,-.893,.075);es="Linear";ed="In";};};{tm=.667;["Torso"]={cf=cfr(.13,-.027,-.236,.976,-.21,-.057,.208,.977,-.036,.064,.023,.998);es="Linear";ed="In";};["Left Leg"]={cf=cfr(-.478,.184,-.252,.865,.11,-.489,.014,.97,.243,.502,-.217,.838);es="Linear";ed="In";};["Right Leg"]={cf=cfr(.184,.079,.092,.913,.217,-.345,-.217,.975,.04,.345,.039,.938);es="Linear";ed="In";};["Left Arm"]={cf=cfr(-.147,-.125,.686,-.064,.593,-.802,.655,.632,.415,.753,-.499,-.429);es="Linear";ed="In";};["Head"]={cf=cfr(0,0,.018,.901,.431,-.054,-.41,.802,-.434,-.144,.413,.899);es="Linear";ed="In";};["Right Arm"]={cf=cfr(-.138,-.027,.206,.292,-.494,-.819,.656,-.52,.547,-.696,-.697,.172);es="Linear";ed="In";};};{tm=.7;["Torso"]={cf=cfr(.17,-.026,-.235,.941,-.338,-.007,.338,.941,-.034,.018,.029,.999);es="Linear";ed="In";};["Left Leg"]={cf=cfr(-.22,.098,.104,.952,.033,.303,-.003,.995,-.099,-.305,.093,.948);es="Linear";ed="In";};["Right Leg"]={cf=cfr(-.358,.244,-.212,.781,.165,-.603,.109,.914,.392,.615,-.371,.695);es="Linear";ed="In";};["Left Arm"]={cf=cfr(-.188,-.381,.111,.304,.951,-.055,-.805,.287,.519,.51,-.114,.853);es="Linear";ed="In";};["Head"]={cf=cfr(0,0,.018,.951,.296,-.087,-.308,.897,-.315,-.016,.327,.945);es="Linear";ed="In";};["Right Arm"]={cf=cfr(-.216,-.206,.248,.871,-.096,-.481,.478,.391,.787,.113,-.915,.387);es="Linear";ed="In";};};{tm=.733;["Torso"]={cf=cfr(.19,-.024,-.235,.973,-.232,.018,.232,.972,-.031,-.01,.035,.999);es="Linear";ed="In";};["Left Leg"]={cf=cfr(-.131,.122,.157,.874,.006,.486,.039,.996,-.083,-.484,.092,.87);es="Linear";ed="In";};["Right Leg"]={cf=cfr(-.162,.395,-.219,.944,.167,-.284,.062,.758,.65,.324,-.631,.705);es="Linear";ed="In";};["Left Arm"]={cf=cfr(-.183,-.339,.222,.109,.917,-.383,-.792,.313,.525,.601,.246,.76);es="Linear";ed="In";};["Head"]={cf=cfr(0,0,.018,.969,.248,-.02,-.249,.966,-.074,.001,.077,.997);es="Linear";ed="In";};["Right Arm"]={cf=cfr(-.175,-.253,.208,.949,-.306,.074,.144,.632,.761,-.28,-.712,.644);es="Linear";ed="In";};};{tm=.767;["Torso"]={cf=cfr(.192,-.028,-.117,.936,-.352,.018,.352,.935,-.032,-.006,.036,.999);es="Linear";ed="In";};["Left Leg"]={cf=cfr(.252,-.057,-.072,.847,.243,.474,-.214,.97,-.115,-.487,-.004,.873);es="Linear";ed="In";};["Right Leg"]={cf=cfr(.248,.289,-.166,.888,.264,.377,-.431,.764,.48,-.162,-.588,.792);es="Linear";ed="In";};["Left Arm"]={cf=cfr(-.191,-.168,.252,.056,.966,-.253,.164,.241,.957,.985,-.095,-.145);es="Linear";ed="In";};["Head"]={cf=cfr(0,0,.018,.918,.39,-.065,-.394,.916,-.073,.031,.093,.995);es="Linear";ed="In";};["Right Arm"]={cf=cfr(-.106,-.113,.185,.609,-.784,.115,.065,.194,.979,-.79,-.589,.169);es="Linear";ed="In";};};{tm=.8;["Torso"]={cf=cfr(.191,-.025,-.176,.822,-.57,.018,.57,.821,-.031,.003,.035,.999);es="Linear";ed="In";};["Left Leg"]={cf=cfr(-.034,.004,.054,.923,.153,.354,-.106,.983,-.147,-.371,.098,.924);es="Linear";ed="In";};["Right Leg"]={cf=cfr(.291,.167,-.123,.788,.434,.436,-.578,.766,.282,-.211,-.474,.855);es="Linear";ed="In";};["Left Arm"]={cf=cfr(.279,-.159,.143,.46,.847,.267,-.881,.397,.256,.111,-.353,.929);es="Linear";ed="In";};["Head"]={cf=cfr(0,0,.018,.852,.515,-.094,-.522,.851,-.062,.048,.102,.994);es="Linear";ed="In";};["Right Arm"]={cf=cfr(-.282,-.163,.088,.802,-.124,.584,.046,.988,.147,-.595,-.091,.799);es="Linear";ed="In";};};{tm=.833;["Torso"]={cf=cfr(.19,-.024,-.235,.727,-.686,.018,.686,.727,-.031,.008,.035,.999);es="Linear";ed="In";};["Left Leg"]={cf=cfr(-.152,.072,.132,.914,.051,.403,.009,.99,-.144,-.406,.135,.904);es="Linear";ed="In";};["Right Leg"]={cf=cfr(.806,-.154,-.263,.624,.691,.365,-.767,.629,.122,-.146,-.356,.923);es="Linear";ed="In";};["Left Arm"]={cf=cfr(.006,-.033,.12,.94,-.015,-.34,.02,1,.009,.34,-.015,.94);es="Linear";ed="In";};["Head"]={cf=cfr(0,0,.018,.894,.444,-.066,-.448,.893,-.054,.035,.078,.996);es="Linear";ed="In";};["Right Arm"]={cf=cfr(-.255,-.083,.069,.872,-.41,.266,.395,.912,.111,-.288,.008,.958);es="Linear";ed="In";};};{tm=.867;["Torso"]={cf=cfr(.19,-.023,-.243,.66,-.751,.018,.752,.659,-.031,.011,.034,.999);es="Linear";ed="In";};["Left Leg"]={cf=cfr(-.157,.491,.257,.76,-.057,.647,.036,.998,.045,-.648,-.011,.761);es="Linear";ed="In";};["Right Leg"]={cf=cfr(.545,.159,-.155,.957,-.004,.288,-.007,.999,.035,-.288,-.036,.957);es="Linear";ed="In";};["Left Arm"]={cf=cfr(-.037,.053,.106,.166,.953,-.253,-.951,.223,.214,.26,.206,.943);es="Linear";ed="In";};["Head"]={cf=cfr(0,0,.018,.885,.461,-.067,-.465,.884,-.052,.035,.077,.996);es="Linear";ed="In";};["Right Arm"]={cf=cfr(-.064,-.711,-.054,-.55,-.605,.576,.821,-.519,.239,.155,.604,.782);es="Linear";ed="In";};};{tm=.9;["Torso"]={cf=cfr(.187,-.018,-.418,.622,-.783,.018,.783,.621,-.031,.013,.034,.999);es="Linear";ed="In";};["Left Leg"]={cf=cfr(.352,.385,-.124,.287,.706,.647,-.913,.406,-.037,-.289,-.58,.762);es="Linear";ed="In";};["Right Leg"]={cf=cfr(.762,.336,-.192,.962,.124,.242,-.133,.991,.025,-.237,-.056,.97);es="Linear";ed="In";};["Left Arm"]={cf=cfr(.217,-.141,.207,.915,.404,-.006,-.387,.879,.28,.119,-.254,.96);es="Linear";ed="In";};["Head"]={cf=cfr(0,0,.018,.876,.478,-.069,-.481,.875,-.049,.037,.076,.996);es="Linear";ed="In";};["Right Arm"]={cf=cfr(-.013,.026,.013,.951,.063,.304,-.049,.997,-.054,-.307,.037,.951);es="Linear";ed="In";};};{tm=.933;["Torso"]={cf=cfr(.19,-.024,-.235,.611,-.791,.018,.791,.611,-.031,.014,.033,.999);es="Linear";ed="In";};["Left Leg"]={cf=cfr(-.083,.461,.285,.735,.025,.677,.007,.999,-.044,-.678,.037,.734);es="Linear";ed="In";};["Right Leg"]={cf=cfr(.586,.189,-.138,.972,.033,.234,-.038,.999,.017,-.233,-.025,.972);es="Linear";ed="In";};["Left Arm"]={cf=cfr(-.14,.043,.176,.668,.734,.126,-.729,.61,.31,.15,-.299,.942);es="Linear";ed="In";};["Head"]={cf=cfr(0,0,.018,.996,.063,-.057,-.066,.996,-.059,.053,.063,.997);es="Linear";ed="In";};["Right Arm"]={cf=cfr(-.162,-.307,.125,.038,-.998,.041,.411,.053,.91,-.911,-.018,.412);es="Linear";ed="In";};};{tm=.967;["Torso"]={cf=cfr(.189,-.023,-.264,.611,-.791,.018,.791,.611,-.031,.014,.033,.999);es="Linear";ed="In";};["Left Leg"]={cf=cfr(.363,-.05,-.154,.406,.64,.652,-.805,.588,-.077,-.433,-.494,.754);es="Linear";ed="In";};["Right Leg"]={cf=cfr(.619,.215,-.145,.971,.042,.233,-.046,.999,.012,-.233,-.022,.972);es="Linear";ed="In";};["Left Arm"]={cf=cfr(-.122,.098,.168,.298,.954,.027,-.594,.163,.787,.747,-.25,.616);es="Linear";ed="In";};["Head"]={cf=cfr(0,0,.018,.997,.059,-.058,-.062,.996,-.059,.054,.062,.997);es="Linear";ed="In";};["Right Arm"]={cf=cfr(-.137,-.208,.155,.263,-.951,-.161,.378,-.052,.924,-.888,-.304,.346);es="Linear";ed="In";};};{tm=1;["Torso"]={cf=cfr(.188,-.021,-.327,.611,-.791,.018,.791,.611,-.031,.014,.033,.999);es="Linear";ed="In";};["Left Leg"]={cf=cfr(.271,.486,-.02,.476,.6,.643,-.738,.671,-.08,-.479,-.436,.761);es="Linear";ed="In";};["Right Leg"]={cf=cfr(.684,.273,-.16,.97,.068,.233,-.072,.997,.007,-.232,-.024,.972);es="Linear";ed="In";};["Left Arm"]={cf=cfr(-.005,.031,.151,.223,.974,-.037,-.672,.181,.718,.706,-.135,.695);es="Linear";ed="In";};["Head"]={cf=cfr(0,0,.018,.996,.064,-.058,-.068,.996,-.059,.054,.063,.997);es="Linear";ed="In";};["Right Arm"]={cf=cfr(-.063,-.085,.065,.147,-.989,.028,.537,.104,.837,-.831,-.108,.546);es="Linear";ed="In";};};{tm=1.033;["Torso"]={cf=cfr(.188,-.02,-.357,.611,-.791,.018,.791,.611,-.031,.014,.033,.999);es="Linear";ed="In";};["Left Leg"]={cf=cfr(.359,-.072,-.152,.107,.769,.631,-.973,.21,-.091,-.203,-.604,.771);es="Linear";ed="In";};["Right Leg"]={cf=cfr(.71,.3,-.166,.969,.079,.233,-.082,.997,.005,-.232,-.024,.972);es="Linear";ed="In";};["Left Arm"]={cf=cfr(.19,-.143,.193,.924,.361,.126,-.383,.87,.31,.002,-.335,.942);es="Linear";ed="In";};["Head"]={cf=cfr(0,0,.018,.858,.509,-.072,-.512,.857,-.048,.037,.078,.996);es="Linear";ed="In";};["Right Arm"]={cf=cfr(-.155,-.156,.02,.951,-.308,-.016,.309,.951,.033,.005,-.037,.999);es="Linear";ed="In";};};{tm=1.067;["Torso"]={cf=cfr(.311,-.116,-.301,.611,-.791,.018,.791,.611,-.031,.014,.033,.999);es="Linear";ed="In";};["Left Leg"]={cf=cfr(.381,-.123,-.183,.032,.736,.676,-.958,.216,-.19,-.286,-.641,.712);es="Linear";ed="In";};["Right Leg"]={cf=cfr(.741,.204,-.194,.944,.191,.268,-.199,.98,.003,-.262,-.056,.964);es="Linear";ed="In";};["Left Arm"]={cf=cfr(.239,-.046,.147,.815,-.561,.145,.506,.811,.293,-.281,-.165,.945);es="Linear";ed="In";};["Head"]={cf=cfr(0,0,.018,.894,.444,-.064,-.447,.894,-.042,.038,.066,.997);es="Linear";ed="In";};["Right Arm"]={cf=cfr(-.225,-.132,.016,.806,.591,-.017,-.59,.807,.029,.031,-.014,.999);es="Linear";ed="In";};};{tm=1.1;["Torso"]={cf=cfr(.31,-.115,-.369,.611,-.791,.018,.791,.611,-.031,.014,.033,.999);es="Linear";ed="In";};["Left Leg"]={cf=cfr(.379,-.12,-.18,.011,.742,.671,-.967,.177,-.181,-.253,-.647,.719);es="Linear";ed="In";};["Right Leg"]={cf=cfr(.788,.267,-.204,.945,.181,.271,-.183,.983,-.017,-.269,-.033,.962);es="Linear";ed="In";};["Left Arm"]={cf=cfr(.085,.027,.146,.888,-.443,.124,.39,.868,.307,-.244,-.224,.944);es="Linear";ed="In";};["Head"]={cf=cfr(0,0,.018,.969,.245,-.043,-.246,.969,-.023,.036,.033,.999);es="Linear";ed="In";};["Right Arm"]={cf=cfr(-.122,-.165,.021,.826,.564,-.015,-.563,.826,.033,.031,-.019,.999);es="Linear";ed="In";};};{tm=1.133;["Torso"]={cf=cfr(.314,-.122,-.119,.611,-.791,.018,.791,.611,-.031,.014,.033,.999);es="Linear";ed="In";};["Left Leg"]={cf=cfr(.041,.45,.343,.574,-.047,.817,.126,.992,-.031,-.809,.121,.575);es="Linear";ed="In";};["Right Leg"]={cf=cfr(.43,.063,-.109,.962,.044,.269,-.049,.999,.012,-.268,-.024,.963);es="Linear";ed="In";};["Left Arm"]={cf=cfr(.088,-.448,.307,.043,.991,.126,-.951,.002,.31,.307,-.133,.942);es="Linear";ed="In";};["Head"]={cf=cfr(0,0,.018,.999,-.032,-.024,.032,.999,.008,.024,-.009,1);es="Linear";ed="In";};["Right Arm"]={cf=cfr(.178,-.639,.041,-.522,-.853,-.016,.852,-.522,.033,-.037,.004,.999);es="Linear";ed="In";};};{tm=1.167;["Torso"]={cf=cfr(.325,-.126,.09,.663,-.748,.025,.748,.662,-.029,.005,.038,.999);es="Linear";ed="In";};["Left Leg"]={cf=cfr(-.036,.096,.012,.958,-.022,.287,-.012,.993,.118,-.287,-.117,.951);es="Linear";ed="In";};["Right Leg"]={cf=cfr(.681,-.241,-.234,.596,.717,.362,-.766,.643,-.015,-.243,-.268,.932);es="Linear";ed="In";};["Left Arm"]={cf=cfr(.076,-.02,.129,.979,.187,-.08,-.144,.915,.377,.144,-.358,.923);es="Linear";ed="In";};["Head"]={cf=cfr(0,0,.018,.984,-.178,-.009,.178,.983,.033,.003,-.034,.999);es="Linear";ed="In";};["Right Arm"]={cf=cfr(-.117,-.288,-.001,.721,-.681,-.128,.693,.707,.14,-.005,-.19,.982);es="Linear";ed="In";};};{tm=1.2;["Torso"]={cf=cfr(.333,-.122,-.015,.924,-.38,.039,.381,.924,-.028,-.025,.04,.999);es="Linear";ed="In";};["Left Leg"]={cf=cfr(-.155,.071,.025,.947,-.249,.205,.222,.964,.145,-.234,-.092,.968);es="Linear";ed="In";};["Right Leg"]={cf=cfr(.127,.466,-.136,.833,.429,-.348,-.076,.713,.698,.547,-.555,.626);es="Linear";ed="In";};["Left Arm"]={cf=cfr(.026,-.21,.239,.348,.874,-.34,.081,.334,.939,.934,-.354,.046);es="Linear";ed="In";};["Head"]={cf=cfr(0,0,.018,.98,.201,.006,-.201,.979,.036,.002,-.037,.999);es="Linear";ed="In";};["Right Arm"]={cf=cfr(.043,-.102,.132,.656,-.754,-.034,.368,.28,.886,-.659,-.594,.462);es="Linear";ed="In";};};{tm=1.233;["Torso"]={cf=cfr(.338,-.12,-.109,.905,-.423,.047,.425,.905,-.028,-.031,.046,.998);es="Linear";ed="In";};["Left Leg"]={cf=cfr(-.37,.111,.064,.917,-.343,.205,.315,.936,.157,-.246,-.079,.966);es="Linear";ed="In";};["Right Leg"]={cf=cfr(-.567,.187,-.549,.3,.164,-.94,.511,.804,.303,.806,-.571,.158);es="Linear";ed="In";};["Left Arm"]={cf=cfr(.102,-.471,.207,.003,.919,-.395,-.957,.118,.266,.291,.377,.879);es="Linear";ed="In";};["Head"]={cf=cfr(0,0,.018,.801,.596,-.046,-.598,.797,-.081,-.012,.092,.996);es="Linear";ed="In";};["Right Arm"]={cf=cfr(.032,-.195,.178,.999,.045,.009,-.042,.831,.555,.017,-.554,.832);es="Linear";ed="In";};};{tm=1.267;["Torso"]={cf=cfr(.336,-.12,-.099,.993,-.111,.044,.112,.993,-.029,-.041,.034,.999);es="Linear";ed="In";};["Left Leg"]={cf=cfr(-.521,.164,-.072,.941,-.334,-.049,.334,.9,.281,-.05,-.281,.958);es="Linear";ed="In";};["Right Leg"]={cf=cfr(.1,-.047,.027,.979,.043,-.2,-.07,.989,-.129,.193,.14,.971);es="Linear";ed="In";};["Left Arm"]={cf=cfr(-.032,-.06,.106,.862,.502,.068,-.475,.754,.454,.177,-.424,.888);es="Linear";ed="In";};["Head"]={cf=cfr(0,0,.018,.965,.256,-.053,-.261,.957,-.125,.019,.135,.991);es="Linear";ed="In";};["Right Arm"]={cf=cfr(.07,.021,.256,.738,-.153,-.658,.609,-.271,.746,-.292,-.95,-.107);es="Linear";ed="In";};};{tm=1.3;["Torso"]={cf=cfr(.359,-.116,-.192,.998,-.044,.042,.045,.999,-.029,-.041,.031,.999);es="Linear";ed="In";};["Left Leg"]={cf=cfr(.458,.164,-.384,.467,.102,.879,-.758,.558,.338,-.456,-.823,.338);es="Linear";ed="In";};["Right Leg"]={cf=cfr(.288,-.135,.064,.962,.18,-.204,-.234,.929,-.288,.138,.325,.936);es="Linear";ed="In";};["Left Arm"]={cf=cfr(-.017,-.18,.268,.994,.108,.008,-.067,.554,.83,.085,-.826,.557);es="Linear";ed="In";};["Head"]={cf=cfr(0,0,.018,.976,.204,-.072,-.216,.922,-.32,.001,.328,.945);es="Linear";ed="In";};["Right Arm"]={cf=cfr(.154,.008,.224,.678,-.58,-.452,.415,-.206,.886,-.607,-.788,.101);es="Linear";ed="In";};};{tm=1.333;["Torso"]={cf=cfr(.33,-.121,-.071,.999,-.034,.036,.035,.999,-.029,-.035,.03,.999);es="Linear";ed="In";};["Left Leg"]={cf=cfr(.466,.036,-.308,.402,.245,.882,-.638,.767,.077,-.657,-.593,.464);es="Linear";ed="In";};["Right Leg"]={cf=cfr(-.059,-.185,.019,.89,.084,-.449,-.233,.929,-.288,.393,.361,.846);es="Linear";ed="In";};["Left Arm"]={cf=cfr(-.013,-.296,.374,.999,.041,-.018,.004,.335,.942,.045,-.941,.334);es="Linear";ed="In";};["Head"]={cf=cfr(0,0,.018,.98,.177,-.086,-.197,.875,-.442,-.003,.451,.893);es="Linear";ed="In";};["Right Arm"]={cf=cfr(.212,-.026,.164,.459,-.875,-.156,.271,-.03,.962,-.846,-.484,.223);es="Linear";ed="In";};};{tm=1.367;["Torso"]={cf=cfr(.326,-.121,-.071,.999,-.033,-.025,.033,.999,-.031,.026,.03,.999);es="Linear";ed="In";};["Left Leg"]={cf=cfr(.109,-.001,.211,.636,.037,.771,.205,.955,-.215,-.744,.295,.6);es="Linear";ed="In";};["Right Leg"]={cf=cfr(-.555,.182,-.48,.415,.009,-.91,.649,.698,.302,.638,-.716,.284);es="Linear";ed="In";};["Left Arm"]={cf=cfr(-.153,-.052,.249,-.304,.756,.58,-.735,-.574,.361,.606,-.316,.73);es="Linear";ed="In";};["Head"]={cf=cfr(0,0,.018,.978,.17,-.123,-.207,.878,-.432,.035,.448,.894);es="Linear";ed="In";};["Right Arm"]={cf=cfr(.089,.088,.216,-.138,-.248,-.959,.788,-.614,.045,-.6,-.749,.28);es="Linear";ed="In";};};{tm=1.4;["Torso"]={cf=cfr(.283,-.124,-.009,.998,-.034,-.047,.032,.999,-.032,.048,.03,.998);es="Linear";ed="In";};["Left Leg"]={cf=cfr(.129,.017,.082,.716,-.015,.698,.101,.991,-.082,-.691,.129,.711);es="Linear";ed="In";};["Right Leg"]={cf=cfr(.149,.397,.037,.845,.228,-.483,-.041,.93,.366,.533,-.29,.795);es="Linear";ed="In";};["Left Arm"]={cf=cfr(-.129,-.01,.331,.569,.631,.527,-.59,-.132,.797,.573,-.764,.297);es="Linear";ed="In";};["Head"]={cf=cfr(0,0,.018,.977,.171,-.13,-.211,.879,-.428,.041,.446,.894);es="Linear";ed="In";};["Right Arm"]={cf=cfr(.128,.005,.241,.489,-.448,-.749,.767,-.189,.613,-.416,-.874,.251);es="Linear";ed="In";};};{tm=1.433;["Torso"]={cf=cfr(.262,-.123,-.071,.998,-.034,-.051,.032,.999,-.032,.052,.03,.998);es="Linear";ed="In";};["Left Leg"]={cf=cfr(-.404,.13,.007,.983,-.173,.067,.167,.982,.086,-.081,-.073,.994);es="Linear";ed="In";};["Right Leg"]={cf=cfr(.093,.112,.154,.823,.199,-.532,-.219,.975,.027,.524,.094,.847);es="Linear";ed="In";};["Left Arm"]={cf=cfr(-.014,.036,.374,.999,.045,-.005,.004,.032,.999,.045,-.998,.032);es="Linear";ed="In";};["Head"]={cf=cfr(0,0,.018,.98,.18,-.085,-.199,.88,-.431,-.003,.439,.898);es="Linear";ed="In";};["Right Arm"]={cf=cfr(.108,-.081,.247,.926,-.343,-.157,.25,.248,.936,-.282,-.906,.316);es="Linear";ed="In";};};{tm=1.467;["Torso"]={cf=cfr(.284,-.123,-.013,.999,-.034,-.022,.033,.999,-.031,.023,.03,.999);es="Linear";ed="In";};["Left Leg"]={cf=cfr(-.381,.12,.051,.97,-.187,.156,.182,.982,.047,-.162,-.017,.987);es="Linear";ed="In";};["Right Leg"]={cf=cfr(-.007,.162,.095,.827,.079,-.556,-.05,.997,.067,.56,-.028,.828);es="Linear";ed="In";};["Left Arm"]={cf=cfr(-.019,.173,.323,-.138,.07,.988,-.743,-.667,-.056,.655,-.742,.144);es="Linear";ed="In";};["Head"]={cf=cfr(0,0,.018,.961,.099,.258,-.126,.988,.092,-.246,-.121,.962);es="Linear";ed="In";};["Right Arm"]={cf=cfr(.118,-.002,.247,.884,-.395,-.248,.202,-.155,.967,-.421,-.905,-.057);es="Linear";ed="In";};};{tm=1.5;["Torso"]={cf=cfr(.326,-.119,-.011,.999,-.034,.034,.035,.999,-.029,-.033,.03,.999);es="Linear";ed="In";};["Left Leg"]={cf=cfr(-.33,.261,.177,.867,-.237,.438,.205,.972,.119,-.454,-.013,.891);es="Linear";ed="In";};["Right Leg"]={cf=cfr(.013,.114,.178,.795,.035,-.606,-.111,.99,-.088,.597,.137,.79);es="Linear";ed="In";};["Left Arm"]={cf=cfr(-.032,.162,.331,.023,.135,.991,-.786,-.61,.102,.618,-.781,.092);es="Linear";ed="In";};["Head"]={cf=cfr(0,0,.018,.984,-.075,.164,.074,.997,.012,-.164,.001,.986);es="Linear";ed="In";};["Right Arm"]={cf=cfr(.143,.037,.222,.666,-.523,-.532,.399,-.353,.846,-.631,-.775,-.026);es="Linear";ed="In";};};{tm=1.533;["Torso"]={cf=cfr(.356,-.12,.119,.997,-.034,.068,.036,.999,-.028,-.067,.03,.997);es="Linear";ed="In";};["Left Leg"]={cf=cfr(-.172,.256,.147,.83,-.177,.528,.106,.981,.162,-.547,-.079,.833);es="Linear";ed="In";};["Right Leg"]={cf=cfr(-.41,.189,-.226,.71,-.255,-.656,.56,.769,.308,.426,-.586,.689);es="Linear";ed="In";};["Left Arm"]={cf=cfr(-.061,.121,.349,.412,.286,.865,-.768,-.401,.499,.49,-.87,.055);es="Linear";ed="In";};["Head"]={cf=cfr(0,0,.018,.975,-.207,-.079,.199,.975,-.099,.097,.081,.992);es="Linear";ed="In";};["Right Arm"]={cf=cfr(.157,.048,.205,.452,-.595,-.665,.541,-.41,.734,-.709,-.692,.136);es="Linear";ed="In";};};{tm=1.567;["Torso"]={cf=cfr(.32,-.124,.138,.999,-.034,.016,.034,.999,-.029,-.015,.03,.999);es="Linear";ed="In";};["Left Leg"]={cf=cfr(-.168,.096,.101,.919,-.102,.381,.105,.994,.013,-.38,.028,.925);es="Linear";ed="In";};["Right Leg"]={cf=cfr(-.554,.047,-.371,.295,-.377,-.878,.881,.463,.097,.37,-.802,.469);es="Linear";ed="In";};["Left Arm"]={cf=cfr(-.051,.045,.313,.857,.381,.349,-.428,.145,.892,.289,-.913,.287);es="Linear";ed="In";};["Head"]={cf=cfr(0,0,.018,.981,-.169,-.101,.158,.982,-.102,.116,.084,.99);es="Linear";ed="In";};["Right Arm"]={cf=cfr(.211,-.01,.163,.397,-.871,-.29,.412,-.113,.904,-.82,-.478,.314);es="Linear";ed="In";};};{tm=1.6;["Torso"]={cf=cfr(.253,-.121,-.117,.997,-.034,-.07,.032,.999,-.032,.071,.03,.997);es="Linear";ed="In";};["Left Leg"]={cf=cfr(-.189,.055,.061,.971,-.002,.24,.017,.998,-.061,-.24,.064,.969);es="Linear";ed="In";};["Right Leg"]={cf=cfr(-.099,.73,.048,.668,-.102,-.737,.28,.952,.121,.689,-.287,.665);es="Linear";ed="In";};["Left Arm"]={cf=cfr(-.036,-.025,.063,.789,.593,-.159,-.561,.802,.208,.251,-.075,.965);es="Linear";ed="In";};["Head"]={cf=cfr(0,0,.018,.995,-.093,-.029,.09,.992,-.089,.037,.086,.996);es="Linear";ed="In";};["Right Arm"]={cf=cfr(.161,-.163,.153,.551,-.613,.566,-.024,.666,.746,-.834,-.425,.352);es="Linear";ed="In";};};{tm=1.633;["Torso"]={cf=cfr(.212,-.125,-.077,.993,-.034,-.114,.03,.999,-.034,.115,.03,.993);es="Linear";ed="In";};["Left Leg"]={cf=cfr(.131,.048,-.028,.923,.189,.334,-.222,.973,.061,-.314,-.13,.94);es="Linear";ed="In";};["Right Leg"]={cf=cfr(.381,.27,-.001,.987,.096,-.132,-.071,.981,.183,.147,-.171,.974);es="Linear";ed="In";};["Left Arm"]={cf=cfr(.103,-.025,.025,.995,.058,.087,-.07,.987,.143,-.077,-.148,.986);es="Linear";ed="In";};["Head"]={cf=cfr(0,0,.018,.998,-.044,.038,.047,.996,-.079,-.035,.081,.996);es="Linear";ed="In";};["Right Arm"]={cf=cfr(.098,-.211,.126,.413,-.294,.862,-.153,.911,.384,-.898,-.29,.331);es="Linear";ed="In";};};{tm=1.667;["Torso"]={cf=cfr(.281,-.122,-.072,.999,-.022,-.027,.022,.999,-.03,.027,.03,.999);es="Linear";ed="In";};["Left Leg"]={cf=cfr(-.068,.177,.029,.93,.07,.36,-.129,.982,.141,-.344,-.177,.922);es="Linear";ed="In";};["Right Leg"]={cf=cfr(.043,.036,.128,.863,.032,-.505,-.106,.987,-.117,.494,.154,.855);es="Linear";ed="In";};["Left Arm"]={cf=cfr(.09,-.024,.017,.98,.124,-.157,-.104,.986,.131,.171,-.112,.979);es="Linear";ed="In";};["Head"]={cf=cfr(0,0,.018,.993,-.031,.116,.04,.996,-.075,-.113,.079,.99);es="Linear";ed="In";};["Right Arm"]={cf=cfr(.095,-.218,.101,.353,-.278,.893,-.052,.948,.315,-.934,-.158,.32);es="Linear";ed="In";};};{tm=1.7;["Torso"]={cf=cfr(.365,-.12,-.069,.999,-.028,-.036,.027,.999,-.031,.037,.03,.999);es="Linear";ed="In";};["Left Leg"]={cf=cfr(-.462,.074,-.067,.984,.004,-.179,-.026,.992,-.121,.177,.123,.976);es="Linear";ed="In";};["Right Leg"]={cf=cfr(-.546,.117,-.388,.45,-.119,-.885,.581,.791,.189,.678,-.6,.425);es="Linear";ed="In";};["Left Arm"]={cf=cfr(.071,-.022,-.009,.731,.224,-.645,-.183,.974,.131,.658,.022,.753);es="Linear";ed="In";};["Head"]={cf=cfr(0,0,.018,.999,-.039,.038,.042,.996,-.077,-.035,.078,.996);es="Linear";ed="In";};["Right Arm"]={cf=cfr(.112,-.214,.073,.295,-.367,.882,.097,.93,.355,-.951,-.019,.31);es="Linear";ed="In";};};{tm=1.733;["Torso"]={cf=cfr(.331,-.121,-.073,.999,-.034,.038,.035,.999,-.029,-.037,.03,.999);es="Linear";ed="In";};["Left Leg"]={cf=cfr(-.479,.261,-.137,.989,-.005,-.146,.042,.966,.254,.139,-.257,.956);es="Linear";ed="In";};["Right Leg"]={cf=cfr(.159,.075,.08,.949,.036,-.313,-.054,.997,-.047,.31,.061,.949);es="Linear";ed="In";};["Left Arm"]={cf=cfr(.068,-.02,-.026,.538,.236,-.81,-.222,.966,.134,.813,.108,.572);es="Linear";ed="In";};["Head"]={cf=cfr(0,0,.018,.997,-.052,-.061,.047,.996,-.076,.065,.073,.995);es="Linear";ed="In";};["Right Arm"]={cf=cfr(.129,-.205,.04,.234,-.45,.862,.278,.88,.384,-.932,.15,.331);es="Linear";ed="In";};};{tm=1.767;["Torso"]={cf=cfr(.35,-.114,-.073,.998,-.016,.062,.017,1,-.02,-.061,.021,.998);es="Linear";ed="In";};["Left Leg"]={cf=cfr(-.456,.324,.005,.986,-.09,.143,.063,.981,.184,-.157,-.173,.972);es="Linear";ed="In";};["Right Leg"]={cf=cfr(.391,.062,-.029,.997,.041,.067,-.037,.998,-.059,-.069,.056,.996);es="Linear";ed="In";};["Left Arm"]={cf=cfr(.072,-.022,-.018,.755,.216,-.619,-.211,.974,.082,.621,.069,.781);es="Linear";ed="In";};["Head"]={cf=cfr(0,0,.018,1,.023,-.004,-.023,.998,-.067,.002,.067,.998);es="Linear";ed="In";};["Right Arm"]={cf=cfr(.145,-.179,-.007,.209,-.533,.82,.565,.75,.344,-.798,.391,.458);es="Linear";ed="In";};};{tm=1.8;["Torso"]={cf=cfr(.372,-.104,-.075,.96,-.267,.09,.268,.963,-.007,-.084,.031,.996);es="Linear";ed="In";};["Left Leg"]={cf=cfr(-.004,.507,-.078,.778,.423,.463,-.575,.777,.256,-.252,-.466,.848);es="Linear";ed="In";};["Right Leg"]={cf=cfr(.371,.034,-.011,.996,.085,.021,-.083,.993,-.08,-.028,.078,.997);es="Linear";ed="In";};["Left Arm"]={cf=cfr(-.075,.157,.044,-.033,.967,.251,-.933,.06,-.354,-.358,-.246,.901);es="Linear";ed="In";};["Head"]={cf=cfr(0,0,.018,.975,.215,-.063,-.219,.973,-.071,.046,.083,.996);es="Linear";ed="In";};["Right Arm"]={cf=cfr(.16,-.153,-.027,.237,-.612,.754,.738,.618,.27,-.631,.493,.599);es="Linear";ed="In";};};{tm=1.833;["Torso"]={cf=cfr(.382,-.092,-.076,.861,-.498,.102,.5,.866,.008,-.092,.044,.995);es="Linear";ed="In";};["Left Leg"]={cf=cfr(.212,.163,-.097,.719,.589,.368,-.694,.64,.331,-.04,-.494,.869);es="Linear";ed="In";};["Right Leg"]={cf=cfr(.215,-.005,.064,.966,.118,-.228,-.145,.984,-.107,.212,.137,.968);es="Linear";ed="In";};["Left Arm"]={cf=cfr(.025,-.005,-.013,.861,.456,.224,-.429,.889,-.162,-.273,.044,.961);es="Linear";ed="In";};["Head"]={cf=cfr(0,0,.018,.941,.314,-.127,-.323,.944,-.062,.1,.1,.99);es="Linear";ed="In";};["Right Arm"]={cf=cfr(.112,-.214,.061,.614,-.366,.699,.278,.929,.243,-.739,.045,.673);es="Linear";ed="In";};};{tm=1.867;["Torso"]={cf=cfr(.382,-.092,-.076,.928,-.358,.102,.359,.933,.008,-.098,.029,.995);es="Linear";ed="In";};["Left Leg"]={cf=cfr(-.089,.511,-.222,.88,.365,.303,-.474,.672,.568,.003,-.644,.765);es="Linear";ed="In";};["Right Leg"]={cf=cfr(.047,-.048,.087,.9,.069,-.431,-.151,.976,-.16,.409,.209,.888);es="Linear";ed="In";};["Left Arm"]={cf=cfr(.006,.014,.048,.761,.554,.338,-.61,.788,.081,-.221,-.268,.938);es="Linear";ed="In";};["Head"]={cf=cfr(0,0,.018,.959,.278,-.049,-.282,.952,-.122,.012,.131,.991);es="Linear";ed="In";};["Right Arm"]={cf=cfr(.096,-.212,.125,.695,-.284,.661,-.008,.916,.402,-.719,-.285,.634);es="Linear";ed="In";};};{tm=1.9;["Torso"]={cf=cfr(.364,-.093,-.074,.995,-.054,.079,.054,.999,.007,-.08,-.003,.997);es="Linear";ed="In";};["Left Leg"]={cf=cfr(-.453,.67,-.396,.968,-.094,.233,-.126,.623,.772,-.218,-.777,.591);es="Linear";ed="In";};["Right Leg"]={cf=cfr(.064,-.059,.042,.953,.066,-.295,-.112,.983,-.144,.281,.171,.945);es="Linear";ed="In";};["Left Arm"]={cf=cfr(.01,.005,.023,.824,.533,-.192,-.475,.835,.279,.309,-.139,.941);es="Linear";ed="In";};["Head"]={cf=cfr(0,0,.018,.978,.202,-.056,-.206,.975,-.08,.039,.09,.995);es="Linear";ed="In";};["Right Arm"]={cf=cfr(.083,-.198,.166,.737,-.217,.64,-.187,.845,.502,-.649,-.49,.582);es="Linear";ed="In";};};{tm=1.933;["Torso"]={cf=cfr(.298,-.049,-.157,1,-.03,.004,.03,1,.001,-.004,0,1);es="Linear";ed="In";};["Left Leg"]={cf=cfr(.039,.066,.127,.757,-.067,.649,.118,.992,-.035,-.642,.103,.76);es="Linear";ed="In";};["Right Leg"]={cf=cfr(.441,.08,.009,.97,.237,-.048,-.237,.972,.013,.05,-.002,.999);es="Linear";ed="In";};["Left Arm"]={cf=cfr(.091,-.076,-.046,-.089,.575,-.813,-.951,.195,.242,.297,.795,.529);es="Linear";ed="In";};["Head"]={cf=cfr(0,0,.018,1,.025,.016,-.025,.999,-.032,-.017,.032,.999);es="Linear";ed="In";};["Right Arm"]={cf=cfr(-.157,.025,.237,.603,.426,.675,-.756,.576,.312,-.255,-.698,.669);es="Linear";ed="In";};};{tm=1.967;["Torso"]={cf=cfr(.252,-.004,-.243,.999,-.027,-.047,.027,1,-.005,.047,.003,.999);es="Linear";ed="In";};["Left Leg"]={cf=cfr(-.594,-.014,-.17,.921,-.217,-.325,.159,.968,-.196,.357,.128,.925);es="Linear";ed="In";};["Right Leg"]={cf=cfr(.643,.479,-.472,.938,.315,.142,-.272,.418,.867,.213,-.852,.478);es="Linear";ed="In";};["Left Arm"]={cf=cfr(.138,-.363,.208,.106,.793,-.6,-.278,.603,.748,.955,.088,.284);es="Linear";ed="In";};["Head"]={cf=cfr(0,0,.018,.994,-.026,.105,.027,1,-.005,-.104,.007,.994);es="Linear";ed="In";};["Right Arm"]={cf=cfr(-.237,.136,.211,.706,.247,.664,-.449,.881,.15,-.548,-.404,.733);es="Linear";ed="In";};};}
