-- // converted using mech's animoduler
local cfr = CFrame.new

return {{tm=0;["Torso"]={cf=cfr(-.098,.085,-.083,.991,-.049,-.124,.062,.992,.108,.118,-.114,.986);es="Linear";ed="In";};["Left Leg"]={cf=cfr(-.37,.013,.064,.924,-.34,.174,.344,.939,.008,-.166,.052,.985);es="Linear";ed="In";};["Right Leg"]={cf=cfr(.377,.121,.087,.871,.425,-.246,-.392,.904,.173,.296,-.054,.954);es="Linear";ed="In";};["Left Arm"]={cf=cfr(-.328,-.326,.271,.563,.519,.643,-.826,.384,.414,-.032,-.764,.645);es="Linear";ed="In";};["Right Arm"]={cf=cfr(.145,.12,-.126,.295,-.742,.602,.936,.351,-.025,-.193,.571,.798);es="Linear";ed="In";};["Head"]={cf=cfr(0,0,.018,.998,-.058,.005,.057,.992,.109,-.011,-.109,.994);es="Linear";ed="In";};};{tm=.033;["Torso"]={cf=cfr(-.12,.084,-.113,.987,-.037,-.156,.054,.993,.107,.151,-.115,.982);es="Linear";ed="In";};["Left Leg"]={cf=cfr(-.455,.015,.083,.905,-.386,.178,.394,.919,-.013,-.158,.081,.984);es="Linear";ed="In";};["Right Leg"]={cf=cfr(.429,.166,.094,.856,.451,-.253,-.405,.889,.215,.321,-.081,.943);es="Linear";ed="In";};["Left Arm"]={cf=cfr(-.412,-.22,.304,.367,.498,.785,-.93,.181,.32,.017,-.848,.53);es="Linear";ed="In";};["Right Arm"]={cf=cfr(.133,.137,-.149,.202,-.68,.705,.965,.261,-.025,-.167,.685,.709);es="Linear";ed="In";};["Head"]={cf=cfr(0,0,.018,.969,-.246,-.014,.246,.967,.072,-.005,-.074,.997);es="Linear";ed="In";};};{tm=.067;["Torso"]={cf=cfr(-.149,.083,-.156,.979,-.014,-.202,.037,.994,.107,.199,-.113,.973);es="Linear";ed="In";};["Left Leg"]={cf=cfr(-.553,.022,.111,.877,-.442,.189,.457,.888,-.041,-.15,.122,.981);es="Linear";ed="In";};["Right Leg"]={cf=cfr(.493,.237,.095,.838,.479,-.26,-.411,.869,.275,.358,-.124,.926);es="Linear";ed="In";};["Left Arm"]={cf=cfr(-.521,-.017,.343,.041,.356,.933,-.987,-.13,.093,.154,-.925,.347);es="Linear";ed="In";};["Right Arm"]={cf=cfr(.109,.163,-.176,.073,-.554,.829,.991,.13,-.001,-.107,.822,.559);es="Linear";ed="In";};["Head"]={cf=cfr(0,0,.018,.786,-.618,-.016,.618,.786,-.028,.03,.012,.999);es="Linear";ed="In";};};{tm=.1;["Torso"]={cf=cfr(-.161,.082,-.175,.975,-.004,-.222,.028,.994,.107,.22,-.11,.969);es="Linear";ed="In";};["Left Leg"]={cf=cfr(-.588,.026,.123,.865,-.462,.195,.479,.876,-.052,-.147,.139,.979);es="Linear";ed="In";};["Right Leg"]={cf=cfr(.512,.272,.094,.831,.487,-.269,-.408,.862,.301,.379,-.14,.915);es="Linear";ed="In";};["Left Arm"]={cf=cfr(-.556,.068,.358,-.109,.233,.966,-.973,-.224,-.056,.204,-.946,.251);es="Linear";ed="In";};["Right Arm"]={cf=cfr(.095,.173,-.185,.018,-.484,.875,.997,.08,.023,-.081,.872,.483);es="Linear";ed="In";};["Head"]={cf=cfr(0,0,.018,.649,-.76,.002,.758,.647,-.078,.058,.052,.997);es="Linear";ed="In";};};{tm=.133;["Torso"]={cf=cfr(-.149,.055,-.129,.98,-.014,-.198,.029,.997,.071,.196,-.076,.978);es="Linear";ed="In";};["Left Leg"]={cf=cfr(-.544,.048,.114,.893,-.405,.195,.42,.907,-.041,-.16,.118,.98);es="Linear";ed="In";};["Right Leg"]={cf=cfr(.452,.245,.091,.863,.425,-.272,-.36,.897,.257,.353,-.124,.927);es="Linear";ed="In";};["Left Arm"]={cf=cfr(-.552,.06,.36,-.121,.211,.97,-.979,-.187,-.082,.164,-.96,.229);es="Linear";ed="In";};["Right Arm"]={cf=cfr(.094,.171,-.186,.017,-.478,.878,.996,.088,.029,-.091,.874,.478);es="Linear";ed="In";};["Head"]={cf=cfr(0,0,.018,.635,-.771,-.034,.767,.636,-.089,.091,.03,.995);es="Linear";ed="In";};};{tm=.167;["Torso"]={cf=cfr(-.122,.03,-.083,.988,-.023,-.155,.03,.999,.038,.154,-.042,.987);es="Linear";ed="In";};["Left Leg"]={cf=cfr(-.487,.069,.104,.918,-.342,.2,.353,.935,-.021,-.18,.089,.98);es="Linear";ed="In";};["Right Leg"]={cf=cfr(.384,.195,.085,.897,.354,-.264,-.31,.931,.192,.314,-.09,.945);es="Linear";ed="In";};["Left Arm"]={cf=cfr(-.559,.042,.361,-.078,.246,.966,-.994,-.096,-.056,.079,-.965,.251);es="Linear";ed="In";};["Right Arm"]={cf=cfr(.095,.165,-.185,.038,-.482,.875,.993,.12,.023,-.116,.868,.483);es="Linear";ed="In";};["Head"]={cf=cfr(0,0,.018,.628,-.776,-.06,.771,.631,-.084,.103,.006,.995);es="Linear";ed="In";};};{tm=.2;["Torso"]={cf=cfr(-.095,.031,-.079,.993,-.016,-.121,.02,.999,.039,.12,-.041,.992);es="Linear";ed="In";};["Left Leg"]={cf=cfr(-.465,.064,.1,.92,-.335,.203,.344,.939,-.014,-.186,.083,.979);es="Linear";ed="In";};["Right Leg"]={cf=cfr(.384,.16,.082,.907,.345,-.243,-.315,.937,.152,.28,-.061,.958);es="Linear";ed="In";};["Left Arm"]={cf=cfr(-.55,.017,.346,.09,.35,.933,-.994,.09,.062,-.063,-.932,.356);es="Linear";ed="In";};["Right Arm"]={cf=cfr(.102,.142,-.175,.154,-.519,.841,.971,.239,-.031,-.185,.821,.54);es="Linear";ed="In";};["Head"]={cf=cfr(0,0,.018,.676,-.735,-.039,.733,.678,-.059,.07,.011,.997);es="Linear";ed="In";};};{tm=.233;["Torso"]={cf=cfr(-.067,.032,-.076,.996,.01,-.085,-.006,.999,.041,.085,-.04,.996);es="Linear";ed="In";};["Left Leg"]={cf=cfr(-.44,.052,.09,.924,-.328,.195,.336,.942,-.009,-.181,.074,.981);es="Linear";ed="In";};["Right Leg"]={cf=cfr(.402,.125,.067,.923,.332,-.195,-.316,.942,.109,.22,-.039,.975);es="Linear";ed="In";};["Left Arm"]={cf=cfr(-.493,-.015,.291,.462,.482,.745,-.869,.415,.271,-.178,-.772,.61);es="Linear";ed="In";};["Right Arm"]={cf=cfr(.11,.091,-.144,.437,-.562,.702,.857,.496,-.136,-.272,.662,.699);es="Linear";ed="In";};["Head"]={cf=cfr(0,0,.018,.799,-.601,-.013,.6,.799,-.042,.035,.026,.999);es="Linear";ed="In";};};{tm=.267;["Torso"]={cf=cfr(-.039,.033,-.074,.998,.049,-.049,-.047,.998,.042,.051,-.04,.998);es="Linear";ed="In";};["Left Leg"]={cf=cfr(-.423,.043,.076,.929,-.325,.176,.33,.944,-.001,-.166,.059,.984);es="Linear";ed="In";};["Right Leg"]={cf=cfr(.429,.093,.043,.939,.317,-.131,-.311,.948,.066,.145,-.022,.989);es="Linear";ed="In";};["Left Arm"]={cf=cfr(-.381,-.044,.198,.837,.448,.315,-.541,.769,.342,-.089,-.456,.885);es="Linear";ed="In";};["Right Arm"]={cf=cfr(.098,.036,-.09,.758,-.498,.421,.606,.777,-.171,-.242,.385,.891);es="Linear";ed="In";};["Head"]={cf=cfr(0,0,.018,.931,-.364,.02,.365,.93,-.038,-.004,.042,.999);es="Linear";ed="In";};};{tm=.3;["Torso"]={cf=cfr(-.013,.033,-.073,.996,.091,-.016,-.09,.995,.042,.02,-.041,.999);es="Linear";ed="In";};["Left Leg"]={cf=cfr(-.424,.041,.061,.932,-.33,.151,.332,.943,.014,-.147,.037,.989);es="Linear";ed="In";};["Right Leg"]={cf=cfr(.454,.066,.019,.951,.303,-.068,-.301,.953,.027,.073,-.005,.997);es="Linear";ed="In";};["Left Arm"]={cf=cfr(-.266,-.048,.117,.955,.28,-.098,-.257,.946,.199,.149,-.165,.975);es="Linear";ed="In";};["Right Arm"]={cf=cfr(.07,.007,-.039,.927,-.359,.112,.369,.925,-.088,-.072,.123,.99);es="Linear";ed="In";};["Head"]={cf=cfr(0,0,.018,.995,-.085,.052,.087,.995,-.046,-.048,.05,.998);es="Linear";ed="In";};};{tm=.333;["Torso"]={cf=cfr(.01,.032,-.073,.992,.127,.013,-.127,.991,.041,-.007,-.042,.999);es="Linear";ed="In";};["Left Leg"]={cf=cfr(-.447,.05,.049,.93,-.347,.125,.345,.938,.037,-.13,.009,.991);es="Linear";ed="In";};["Right Leg"]={cf=cfr(.469,.044,-.001,.957,.29,-.021,-.29,.957,-.007,.018,.013,1);es="Linear";ed="In";};["Left Arm"]={cf=cfr(-.218,-.044,.07,.926,.184,-.33,-.183,.983,.036,.331,.027,.943);es="Linear";ed="In";};["Right Arm"]={cf=cfr(.056,.001,-.005,.95,-.287,-.121,.291,.957,.013,.112,-.048,.993);es="Linear";ed="In";};["Head"]={cf=cfr(0,0,.018,.984,.157,.081,-.152,.987,-.058,-.089,.045,.995);es="Linear";ed="In";};};{tm=.367;["Torso"]={cf=cfr(.03,.031,-.074,.986,.159,.038,-.161,.986,.039,-.032,-.045,.999);es="Linear";ed="In";};["Left Leg"]={cf=cfr(-.485,.06,.033,.925,-.369,.091,.364,.929,.062,-.108,-.024,.994);es="Linear";ed="In";};["Right Leg"]={cf=cfr(.426,.034,.043,.95,.292,-.112,-.297,.954,-.031,.098,.063,.993);es="Linear";ed="In";};["Left Arm"]={cf=cfr(-.219,-.04,.039,.862,.187,-.471,-.253,.964,-.081,.439,.189,.878);es="Linear";ed="In";};["Right Arm"]={cf=cfr(.092,.003,.03,.888,-.304,-.345,.348,.935,.072,.301,-.184,.936);es="Linear";ed="In";};["Head"]={cf=cfr(0,0,.018,.914,.39,.107,-.384,.92,-.073,-.127,.026,.992);es="Linear";ed="In";};};{tm=.4;["Torso"]={cf=cfr(.048,.029,-.074,.979,.194,.061,-.197,.98,.036,-.053,-.048,.997);es="Linear";ed="In";};["Left Leg"]={cf=cfr(-.527,.064,.008,.92,-.39,.042,.386,.919,.081,-.07,-.058,.996);es="Linear";ed="In";};["Right Leg"]={cf=cfr(.293,.04,.158,.878,.3,-.372,-.339,.94,-.041,.337,.162,.927);es="Linear";ed="In";};["Left Arm"]={cf=cfr(-.232,-.027,.005,.768,.255,-.588,-.414,.897,-.152,.488,.361,.795);es="Linear";ed="In";};["Right Arm"]={cf=cfr(.198,.012,.085,.709,-.369,-.601,.5,.864,.06,.497,-.343,.797);es="Linear";ed="In";};["Head"]={cf=cfr(0,0,.018,.755,.643,.129,-.635,.766,-.099,-.162,-.007,.987);es="Linear";ed="In";};};{tm=.433;["Torso"]={cf=cfr(.063,.026,-.075,.97,.229,.08,-.233,.972,.033,-.07,-.051,.996);es="Linear";ed="In";};["Left Leg"]={cf=cfr(-.563,.063,-.018,.912,-.409,-.005,.408,.908,.094,-.034,-.087,.996);es="Linear";ed="In";};["Right Leg"]={cf=cfr(.166,.057,.247,.766,.291,-.573,-.383,.923,-.043,.516,.253,.818);es="Linear";ed="In";};["Left Arm"]={cf=cfr(-.253,-.001,-.029,.638,.359,-.681,-.619,.766,-.176,.458,.534,.711);es="Linear";ed="In";};["Right Arm"]={cf=cfr(.329,.03,.151,.416,-.431,-.801,.679,.733,-.041,.605,-.526,.598);es="Linear";ed="In";};["Head"]={cf=cfr(0,0,.018,.534,.834,.142,-.825,.55,-.13,-.187,-.047,.981);es="Linear";ed="In";};};{tm=.467;["Torso"]={cf=cfr(.077,.023,-.077,.96,.261,.098,-.265,.964,.03,-.086,-.054,.995);es="Linear";ed="In";};["Left Leg"]={cf=cfr(-.586,.062,-.033,.904,-.426,-.029,.427,.898,.106,-.019,-.109,.994);es="Linear";ed="In";};["Right Leg"]={cf=cfr(.112,.078,.29,.704,.28,-.653,-.403,.914,-.044,.584,.294,.756);es="Linear";ed="In";};["Left Arm"]={cf=cfr(-.269,.034,-.057,.493,.442,-.749,-.792,.585,-.176,.361,.68,.639);es="Linear";ed="In";};["Right Arm"]={cf=cfr(.424,.057,.208,.124,-.446,-.886,.807,.565,-.171,.577,-.694,.43);es="Linear";ed="In";};["Head"]={cf=cfr(0,0,.018,.348,.926,.146,-.916,.369,-.158,-.201,-.079,.977);es="Linear";ed="In";};};{tm=.5;["Torso"]={cf=cfr(.09,.021,-.078,.951,.288,.114,-.292,.956,.026,-.101,-.058,.993);es="Linear";ed="In";};["Left Leg"]={cf=cfr(-.592,.064,-.031,.897,-.442,-.024,.442,.889,.123,-.033,-.12,.992);es="Linear";ed="In";};["Right Leg"]={cf=cfr(.111,.091,.295,.703,.27,-.658,-.395,.918,-.045,.591,.291,.752);es="Linear";ed="In";};["Left Arm"]={cf=cfr(-.275,.069,-.077,.375,.472,-.798,-.895,.407,-.18,.24,.782,.576);es="Linear";ed="In";};["Right Arm"]={cf=cfr(.454,.088,.239,-.065,-.428,-.901,.882,.397,-.253,.466,-.812,.352);es="Linear";ed="In";};["Head"]={cf=cfr(0,0,.018,.265,.952,.15,-.94,.29,-.178,-.213,-.094,.973);es="Linear";ed="In";};};{tm=.533;["Torso"]={cf=cfr(.099,.018,-.095,.944,.305,.127,-.311,.95,.023,-.114,-.061,.992);es="Linear";ed="In";};["Left Leg"]={cf=cfr(-.614,.073,-.024,.885,-.466,-.007,.463,.875,.139,-.058,-.127,.99);es="Linear";ed="In";};["Right Leg"]={cf=cfr(.137,.121,.29,.731,.253,-.633,-.36,.932,-.043,.579,.259,.773);es="Linear";ed="In";};["Left Arm"]={cf=cfr(-.273,.098,-.09,.291,.464,-.836,-.948,.26,-.186,.131,.847,.516);es="Linear";ed="In";};["Right Arm"]={cf=cfr(.447,.117,.254,-.174,-.395,-.902,.926,.247,-.286,.336,-.885,.323);es="Linear";ed="In";};["Head"]={cf=cfr(0,0,.018,.309,.937,.162,-.923,.337,-.186,-.229,-.092,.969);es="Linear";ed="In";};};{tm=.567;["Torso"]={cf=cfr(.103,.015,-.129,.938,.317,.138,-.323,.946,.021,-.124,-.064,.99);es="Linear";ed="In";};["Left Leg"]={cf=cfr(-.657,.087,-.018,.867,-.499,.006,.492,.857,.154,-.082,-.131,.988);es="Linear";ed="In";};["Right Leg"]={cf=cfr(.172,.181,.28,.773,.213,-.597,-.293,.955,-.039,.562,.205,.801);es="Linear";ed="In";};["Left Arm"]={cf=cfr(-.271,.126,-.097,.215,.453,-.865,-.976,.114,-.183,.016,.884,.467);es="Linear";ed="In";};["Right Arm"]={cf=cfr(.435,.147,.264,-.25,-.334,-.909,.95,.095,-.297,.186,-.938,.293);es="Linear";ed="In";};["Head"]={cf=cfr(0,0,.018,.45,.874,.182,-.859,.48,-.179,-.244,-.076,.967);es="Linear";ed="In";};};{tm=.6;["Torso"]={cf=cfr(.113,.011,-.146,.929,.337,.152,-.343,.939,.017,-.137,-.068,.988);es="Linear";ed="In";};["Left Leg"]={cf=cfr(-.67,.099,-.003,.852,-.522,.032,.51,.842,.175,-.118,-.133,.984);es="Linear";ed="In";};["Right Leg"]={cf=cfr(.202,.219,.237,.834,.148,-.532,-.196,.98,-.035,.516,.133,.846);es="Linear";ed="In";};["Left Arm"]={cf=cfr(-.272,.141,-.098,.186,.456,-.87,-.981,.038,-.19,-.054,.889,.455);es="Linear";ed="In";};["Right Arm"]={cf=cfr(.428,.195,.265,-.317,-.296,-.901,.947,-.148,-.285,-.049,-.944,.327);es="Linear";ed="In";};["Head"]={cf=cfr(0,0,.018,.551,.81,.2,-.795,.582,-.17,-.254,-.065,.965);es="Linear";ed="In";};};{tm=.633;["Torso"]={cf=cfr(.137,.001,-.137,.907,.381,.18,-.388,.922,.003,-.165,-.072,.984);es="Linear";ed="In";};["Left Leg"]={cf=cfr(-.633,.113,.031,.84,-.535,.089,.508,.834,.213,-.189,-.134,.973);es="Linear";ed="In";};["Right Leg"]={cf=cfr(.239,.199,.168,.909,.071,-.41,-.097,.994,-.044,.404,.08,.911);es="Linear";ed="In";};["Left Arm"]={cf=cfr(-.281,.135,-.093,.206,.503,-.839,-.978,.071,-.198,-.041,.861,.506);es="Linear";ed="In";};["Right Arm"]={cf=cfr(.429,.203,.263,-.309,-.302,-.902,.946,-.191,-.26,-.094,-.934,.345);es="Linear";ed="In";};["Head"]={cf=cfr(0,0,.018,.584,.791,.181,-.782,.608,-.133,-.215,-.064,.974);es="Linear";ed="In";};};{tm=.667;["Torso"]={cf=cfr(.151,-.008,-.126,.891,.41,.196,-.417,.909,-.009,-.182,-.074,.98);es="Linear";ed="In";};["Left Leg"]={cf=cfr(-.602,.123,.051,.833,-.538,.128,.501,.832,.238,-.234,-.134,.963);es="Linear";ed="In";};["Right Leg"]={cf=cfr(.299,.184,.108,.961,.032,-.274,-.044,.998,-.038,.272,.048,.961);es="Linear";ed="In";};["Left Arm"]={cf=cfr(-.291,.12,-.084,.23,.557,-.798,-.973,.144,-.18,.015,.818,.576);es="Linear";ed="In";};["Right Arm"]={cf=cfr(.43,.205,.263,-.306,-.307,-.901,.946,-.201,-.253,-.104,-.93,.352);es="Linear";ed="In";};["Head"]={cf=cfr(0,0,.018,.605,.78,.156,-.777,.622,-.095,-.171,-.064,.983);es="Linear";ed="In";};};{tm=.7;["Torso"]={cf=cfr(.143,-.004,-.124,.9,.395,.187,-.401,.916,-.004,-.172,-.071,.982);es="Linear";ed="In";};["Left Leg"]={cf=cfr(-.583,.129,.066,.835,-.529,.154,.49,.841,.232,-.252,-.118,.96);es="Linear";ed="In";};["Right Leg"]={cf=cfr(.386,.183,.073,.981,.076,-.177,-.081,.997,-.02,.175,.034,.984);es="Linear";ed="In";};["Left Arm"]={cf=cfr(-.291,.089,-.067,.226,.582,-.781,-.97,.208,-.126,.089,.786,.612);es="Linear";ed="In";};["Right Arm"]={cf=cfr(.427,.176,.253,-.263,-.332,-.906,.962,-.168,-.217,-.08,-.928,.363);es="Linear";ed="In";};["Head"]={cf=cfr(0,0,.018,.646,.747,.155,-.745,.662,-.087,-.168,-.059,.984);es="Linear";ed="In";};};{tm=.733;["Torso"]={cf=cfr(.121,.005,-.12,.923,.351,.158,-.357,.934,.008,-.145,-.064,.987);es="Linear";ed="In";};["Left Leg"]={cf=cfr(-.531,.137,.101,.838,-.5,.219,.46,.863,.211,-.295,-.076,.953);es="Linear";ed="In";};["Right Leg"]={cf=cfr(.441,.129,.056,.979,.162,-.125,-.168,.985,-.035,.118,.055,.992);es="Linear";ed="In";};["Left Arm"]={cf=cfr(-.281,.021,-.031,.191,.597,-.779,-.961,.276,-.025,.2,.753,.626);es="Linear";ed="In";};["Right Arm"]={cf=cfr(.413,.088,.227,-.14,-.378,-.915,.99,-.043,-.133,.011,-.925,.381);es="Linear";ed="In";};["Head"]={cf=cfr(0,0,.018,.699,.701,.141,-.698,.712,-.081,-.157,-.042,.987);es="Linear";ed="In";};};{tm=.767;["Torso"]={cf=cfr(.091,.016,-.116,.948,.294,.121,-.298,.954,.022,-.109,-.057,.992);es="Linear";ed="In";};["Left Leg"]={cf=cfr(-.485,.132,.125,.844,-.466,.266,.433,.884,.175,-.316,-.032,.948);es="Linear";ed="In";};["Right Leg"]={cf=cfr(.43,.063,.052,.966,.227,-.12,-.235,.971,-.054,.105,.081,.991);es="Linear";ed="In";};["Left Arm"]={cf=cfr(-.264,-.062,.015,.155,.599,-.785,-.934,.348,.081,.322,.721,.614);es="Linear";ed="In";};["Right Arm"]={cf=cfr(.389,-.031,.19,.04,-.41,-.911,.989,.148,-.024,.145,-.9,.411);es="Linear";ed="In";};["Head"]={cf=cfr(0,0,.018,.75,.65,.121,-.646,.76,-.077,-.142,-.021,.99);es="Linear";ed="In";};};{tm=.8;["Torso"]={cf=cfr(.068,.024,-.114,.964,.248,.091,-.252,.967,.031,-.08,-.053,.995);es="Linear";ed="In";};["Left Leg"]={cf=cfr(-.482,.116,.119,.86,-.444,.252,.422,.896,.139,-.287,-.013,.958);es="Linear";ed="In";};["Right Leg"]={cf=cfr(.405,.048,.061,.956,.252,-.148,-.262,.964,-.045,.131,.082,.988);es="Linear";ed="In";};["Left Arm"]={cf=cfr(-.248,-.131,.051,.156,.587,-.794,-.894,.427,.14,.421,.688,.591);es="Linear";ed="In";};["Right Arm"]={cf=cfr(.365,-.131,.155,.209,-.404,-.89,.94,.333,.069,.269,-.852,.45);es="Linear";ed="In";};["Head"]={cf=cfr(0,0,.018,.788,.607,.104,-.602,.795,-.075,-.128,-.003,.992);es="Linear";ed="In";};};{tm=.833;["Torso"]={cf=cfr(.059,.026,-.113,.969,.232,.08,-.235,.971,.034,-.07,-.052,.996);es="Linear";ed="In";};["Left Leg"]={cf=cfr(-.511,.104,.096,.874,-.441,.204,.424,.897,.122,-.236,-.02,.971);es="Linear";ed="In";};["Right Leg"]={cf=cfr(.391,.077,.085,.945,.258,-.203,-.267,.963,-.018,.19,.071,.979);es="Linear";ed="In";};["Left Arm"]={cf=cfr(-.237,-.167,.068,.213,.556,-.803,-.851,.509,.127,.479,.657,.582);es="Linear";ed="In";};["Right Arm"]={cf=cfr(.352,-.178,.136,.319,-.38,-.868,.88,.459,.122,.352,-.803,.481);es="Linear";ed="In";};["Head"]={cf=cfr(0,0,.018,.808,.581,.098,-.577,.814,-.074,-.123,.003,.992);es="Linear";ed="In";};};{tm=.867;["Torso"]={cf=cfr(.065,.024,-.118,.961,.261,.088,-.264,.964,.032,-.077,-.054,.996);es="Linear";ed="In";};["Left Leg"]={cf=cfr(-.549,.099,.075,.874,-.459,.161,.443,.888,.125,-.2,-.038,.979);es="Linear";ed="In";};["Right Leg"]={cf=cfr(.375,.13,.118,.931,.244,-.272,-.251,.968,.008,.266,.061,.962);es="Linear";ed="In";};["Left Arm"]={cf=cfr(-.23,-.165,.064,.432,.485,-.76,-.776,.629,-.039,.459,.607,.648);es="Linear";ed="In";};["Right Arm"]={cf=cfr(.356,-.167,.139,.372,-.346,-.861,.823,.552,.133,.43,-.758,.49);es="Linear";ed="In";};["Head"]={cf=cfr(0,0,.018,.801,.59,.099,-.585,.807,-.076,-.125,.003,.992);es="Linear";ed="In";};};{tm=.9;["Torso"]={cf=cfr(.082,.016,-.13,.933,.341,.111,-.346,.938,.023,-.096,-.059,.994);es="Linear";ed="In";};["Left Leg"]={cf=cfr(-.583,.093,.071,.854,-.5,.147,.482,.864,.143,-.198,-.051,.979);es="Linear";ed="In";};["Right Leg"]={cf=cfr(.359,.198,.143,.926,.196,-.324,-.201,.979,.016,.321,.05,.946);es="Linear";ed="In";};["Left Arm"]={cf=cfr(-.227,-.12,.031,.594,.402,-.697,-.708,.672,-.217,.381,.622,.684);es="Linear";ed="In";};["Right Arm"]={cf=cfr(.375,-.112,.16,.379,-.328,-.866,.797,.591,.125,.47,-.738,.485);es="Linear";ed="In";};["Head"]={cf=cfr(0,0,.018,.761,.641,.101,-.636,.767,-.085,-.132,.001,.991);es="Linear";ed="In";};};{tm=.933;["Torso"]={cf=cfr(.103,.004,-.149,.887,.441,.138,-.447,.895,.008,-.12,-.068,.99);es="Linear";ed="In";};["Left Leg"]={cf=cfr(-.602,.086,.084,.819,-.55,.161,.526,.833,.168,-.227,-.053,.973);es="Linear";ed="In";};["Right Leg"]={cf=cfr(.339,.248,.153,.932,.12,-.343,-.129,.992,-.002,.34,.046,.939);es="Linear";ed="In";};["Left Arm"]={cf=cfr(-.238,-.036,-.027,.512,.38,-.77,-.791,.557,-.251,.334,.738,.586);es="Linear";ed="In";};["Right Arm"]={cf=cfr(.405,-.031,.194,.362,-.345,-.866,.824,.552,.125,.435,-.759,.484);es="Linear";ed="In";};["Head"]={cf=cfr(0,0,.018,.7,.707,.101,-.699,.708,-.1,-.142,0,.99);es="Linear";ed="In";};};{tm=.967;["Torso"]={cf=cfr(.117,-.009,-.166,.842,.516,.158,-.521,.853,-.008,-.138,-.076,.987);es="Linear";ed="In";};["Left Leg"]={cf=cfr(-.611,.082,.103,.788,-.588,.183,.559,.808,.189,-.259,-.046,.965);es="Linear";ed="In";};["Right Leg"]={cf=cfr(.322,.27,.155,.939,.053,-.341,-.067,.997,-.03,.338,.051,.94);es="Linear";ed="In";};["Left Arm"]={cf=cfr(-.25,.061,-.082,.358,.371,-.857,-.909,.349,-.228,.214,.86,.462);es="Linear";ed="In";};["Right Arm"]={cf=cfr(.442,.071,.235,.283,-.411,-.867,.92,.371,.125,.27,-.833,.483);es="Linear";ed="In";};["Head"]={cf=cfr(0,0,.018,.655,.749,.1,-.741,.662,-.113,-.151,0,.989);es="Linear";ed="In";};};{tm=1;["Torso"]={cf=cfr(.12,-.016,-.177,.825,.541,.163,-.546,.837,-.016,-.145,-.076,.986);es="Linear";ed="In";};["Left Leg"]={cf=cfr(-.62,.085,.112,.774,-.603,.194,.571,.797,.197,-.273,-.042,.961);es="Linear";ed="In";};["Right Leg"]={cf=cfr(.318,.279,.156,.941,.027,-.337,-.044,.998,-.043,.336,.055,.94);es="Linear";ed="In";};["Left Arm"]={cf=cfr(-.266,.126,-.1,.284,.425,-.859,-.959,.117,-.258,-.009,.897,.441);es="Linear";ed="In";};["Right Arm"]={cf=cfr(.466,.175,.251,.085,-.489,-.868,.992,-.045,.122,-.099,-.871,.481);es="Linear";ed="In";};["Head"]={cf=cfr(0,0,.018,.65,.753,.099,-.744,.658,-.117,-.153,.003,.988);es="Linear";ed="In";};};{tm=1.033;["Torso"]={cf=cfr(.119,-.019,-.184,.825,.542,.162,-.546,.837,-.02,-.147,-.072,.987);es="Linear";ed="In";};["Left Leg"]={cf=cfr(-.617,.098,.128,.767,-.604,.218,.57,.796,.204,-.296,-.032,.955);es="Linear";ed="In";};["Right Leg"]={cf=cfr(.333,.273,.152,.945,.04,-.324,-.057,.998,-.041,.321,.057,.945);es="Linear";ed="In";};["Left Arm"]={cf=cfr(-.258,.111,-.095,.257,.439,-.861,-.964,.057,-.258,-.064,.896,.438);es="Linear";ed="In";};["Right Arm"]={cf=cfr(.464,.191,.24,.038,-.495,-.868,.983,-.139,.122,-.181,-.858,.481);es="Linear";ed="In";};["Head"]={cf=cfr(0,0,.018,.669,.737,.099,-.728,.676,-.116,-.153,.006,.988);es="Linear";ed="In";};};{tm=1.067;["Torso"]={cf=cfr(.116,-.022,-.19,.825,.543,.16,-.546,.837,-.024,-.147,-.068,.987);es="Linear";ed="In";};["Left Leg"]={cf=cfr(-.583,.123,.166,.749,-.599,.282,.558,.8,.219,-.357,-.007,.934);es="Linear";ed="In";};["Right Leg"]={cf=cfr(.369,.24,.132,.956,.081,-.28,-.093,.995,-.031,.277,.055,.959);es="Linear";ed="In";};["Left Arm"]={cf=cfr(-.231,.044,-.083,.248,.441,-.862,-.965,.037,-.258,-.082,.897,.435);es="Linear";ed="In";};["Right Arm"]={cf=cfr(.451,.178,.216,.024,-.496,-.868,.978,-.167,.122,-.205,-.852,.481);es="Linear";ed="In";};["Head"]={cf=cfr(0,0,.018,.687,.72,.099,-.71,.694,-.116,-.152,.01,.988);es="Linear";ed="In";};};{tm=1.1;["Torso"]={cf=cfr(.113,-.025,-.194,.825,.543,.157,-.546,.837,-.029,-.147,-.062,.987);es="Linear";ed="In";};["Left Leg"]={cf=cfr(-.528,.154,.212,.722,-.588,.365,.539,.809,.235,-.433,.027,.901);es="Linear";ed="In";};["Right Leg"]={cf=cfr(.412,.189,.096,.969,.133,-.209,-.14,.99,-.021,.204,.05,.978);es="Linear";ed="In";};["Left Arm"]={cf=cfr(-.206,-.022,-.07,.239,.452,-.859,-.966,.02,-.258,-.1,.892,.441);es="Linear";ed="In";};["Right Arm"]={cf=cfr(.427,.141,.189,.005,-.496,-.868,.971,-.205,.122,-.238,-.844,.481);es="Linear";ed="In";};["Head"]={cf=cfr(0,0,.018,.706,.701,.097,-.692,.713,-.116,-.151,.015,.988);es="Linear";ed="In";};};{tm=1.133;["Torso"]={cf=cfr(.109,-.029,-.195,.825,.544,.152,-.546,.837,-.034,-.146,-.055,.988);es="Linear";ed="In";};["Left Leg"]={cf=cfr(-.481,.179,.245,.698,-.573,.428,.522,.817,.243,-.49,.054,.87);es="Linear";ed="In";};["Right Leg"]={cf=cfr(.457,.142,.055,.976,.179,-.125,-.182,.983,-.019,.119,.042,.992);es="Linear";ed="In";};["Left Arm"]={cf=cfr(-.189,-.075,-.058,.227,.479,-.848,-.966,-.003,-.26,-.127,.878,.462);es="Linear";ed="In";};["Right Arm"]={cf=cfr(.383,-.047,.162,-.033,-.495,-.868,.953,-.277,.122,-.301,-.824,.481);es="Linear";ed="In";};["Head"]={cf=cfr(0,0,.018,.725,.682,.094,-.672,.731,-.117,-.149,.022,.989);es="Linear";ed="In";};};{tm=1.167;["Torso"]={cf=cfr(.104,-.034,-.195,.826,.545,.146,-.545,.837,-.04,-.144,-.047,.989);es="Linear";ed="In";};["Left Leg"]={cf=cfr(-.467,.19,.257,.692,-.564,.45,.515,.823,.24,-.506,.065,.86);es="Linear";ed="In";};["Right Leg"]={cf=cfr(.51,.119,.02,.975,.217,-.052,-.218,.976,-.023,.046,.033,.998);es="Linear";ed="In";};["Left Arm"]={cf=cfr(-.176,-.094,-.053,.204,.469,-.859,-.965,-.054,-.258,-.167,.882,.441);es="Linear";ed="In";};["Right Arm"]={cf=cfr(.361,-.097,.131,-.029,-.495,-.868,.955,-.269,.122,-.294,-.826,.481);es="Linear";ed="In";};["Head"]={cf=cfr(0,0,.018,.744,.662,.09,-.652,.749,-.118,-.146,.029,.989);es="Linear";ed="In";};};{tm=1.2;["Torso"]={cf=cfr(.095,-.038,-.193,.835,.533,.135,-.532,.845,-.046,-.138,-.034,.99);es="Linear";ed="In";};["Left Leg"]={cf=cfr(-.496,.19,.244,.715,-.556,.423,.513,.829,.224,-.475,.057,.878);es="Linear";ed="In";};["Right Leg"]={cf=cfr(.56,.108,-.003,.967,.255,-.007,-.255,.967,-.027,0,.027,1);es="Linear";ed="In";};["Left Arm"]={cf=cfr(-.171,-.102,-.056,.275,.498,-.822,-.956,.051,-.289,-.102,.866,.49);es="Linear";ed="In";};["Right Arm"]={cf=cfr(.327,-.102,.13,.061,-.557,-.828,.973,-.151,.173,-.222,-.816,.533);es="Linear";ed="In";};["Head"]={cf=cfr(0,0,.018,.773,.628,.083,-.618,.777,-.119,-.139,.041,.989);es="Linear";ed="In";};};{tm=1.233;["Torso"]={cf=cfr(.081,-.043,-.186,.861,.495,.116,-.493,.869,-.051,-.126,-.014,.992);es="Linear";ed="In";};["Left Leg"]={cf=cfr(-.564,.184,.2,.769,-.54,.342,.507,.841,.19,-.391,.027,.92);es="Linear";ed="In";};["Right Leg"]={cf=cfr(.588,.095,-.009,.956,.294,.004,-.294,.955,-.029,-.012,.027,1);es="Linear";ed="In";};["Left Arm"]={cf=cfr(-.165,-.127,-.054,.483,.531,-.697,-.872,.364,-.327,.08,.765,.639);es="Linear";ed="In";};["Right Arm"]={cf=cfr(.282,-.115,.115,.304,-.663,-.684,.951,.167,.261,-.059,-.73,.681);es="Linear";ed="In";};["Head"]={cf=cfr(0,0,.018,.82,.568,.068,-.558,.821,-.119,-.124,.059,.991);es="Linear";ed="In";};};{tm=1.267;["Torso"]={cf=cfr(.062,-.045,-.178,.897,.433,.091,-.43,.901,-.054,-.105,.009,.994);es="Linear";ed="In";};["Left Leg"]={cf=cfr(-.646,.179,.128,.829,-.513,.224,.491,.858,.147,-.268,-.012,.963);es="Linear";ed="In";};["Right Leg"]={cf=cfr(.596,.086,.002,.943,.331,-.017,-.331,.943,-.026,.007,.03,1);es="Linear";ed="In";};["Left Arm"]={cf=cfr(-.142,-.149,-.023,.741,.469,-.481,-.632,.729,-.264,.227,.5,.836);es="Linear";ed="In";};["Right Arm"]={cf=cfr(.215,-.129,.07,.621,-.663,-.419,.781,.567,.26,.065,-.489,.87);es="Linear";ed="In";};["Head"]={cf=cfr(0,0,.018,.875,.481,.048,-.473,.873,-.117,-.099,.08,.992);es="Linear";ed="In";};};{tm=1.3;["Torso"]={cf=cfr(.04,-.045,-.171,.931,.36,.062,-.357,.932,-.054,-.077,.028,.997);es="Linear";ed="In";};["Left Leg"]={cf=cfr(-.713,.177,.05,.872,-.478,.105,.468,.877,.105,-.142,-.043,.989);es="Linear";ed="In";};["Right Leg"]={cf=cfr(.593,.087,.022,.931,.361,-.052,-.362,.932,-.011,.045,.029,.999);es="Linear";ed="In";};["Left Arm"]={cf=cfr(-.111,-.142,.021,.902,.345,-.258,-.379,.92,-.097,.205,.185,.961);es="Linear";ed="In";};["Right Arm"]={cf=cfr(.146,-.127,.016,.821,-.552,-.146,.57,.809,.143,.04,-.2,.979);es="Linear";ed="In";};["Head"]={cf=cfr(0,0,.018,.925,.38,.025,-.375,.92,-.113,-.066,.095,.993);es="Linear";ed="In";};};{tm=1.333;["Torso"]={cf=cfr(.018,-.043,-.168,.956,.291,.033,-.289,.956,-.05,-.046,.038,.998);es="Linear";ed="In";};["Left Leg"]={cf=cfr(-.757,.176,-.013,.895,-.447,.012,.445,.893,.068,-.041,-.055,.998);es="Linear";ed="In";};["Right Leg"]={cf=cfr(.594,.102,.039,.919,.385,-.084,-.385,.923,.017,.084,.017,.996);es="Linear";ed="In";};["Left Arm"]={cf=cfr(-.098,-.122,.058,.955,.289,-.063,-.286,.957,.058,.077,-.037,.996);es="Linear";ed="In";};["Right Arm"]={cf=cfr(.118,-.121,-.023,.87,-.49,.056,.489,.872,.03,-.064,.002,.998);es="Linear";ed="In";};["Head"]={cf=cfr(0,0,.018,.96,.279,.002,-.277,.955,-.107,-.032,.102,.994);es="Linear";ed="In";};};{tm=1.367;["Torso"]={cf=cfr(-.011,-.03,-.167,.977,.211,-.003,-.211,.977,-.034,-.004,.034,.999);es="Linear";ed="In";};["Left Leg"]={cf=cfr(-.781,.186,-.031,.898,-.44,-.015,.44,.897,.051,-.009,-.052,.999);es="Linear";ed="In";};["Right Leg"]={cf=cfr(.595,.124,.061,.897,.424,-.126,-.42,.906,.062,.141,-.003,.99);es="Linear";ed="In";};["Left Arm"]={cf=cfr(-.137,-.104,.09,.918,.339,.206,-.37,.919,.136,-.143,-.202,.969);es="Linear";ed="In";};["Right Arm"]={cf=cfr(.12,-.118,-.051,.826,-.497,.265,.517,.856,-.006,-.224,.142,.964);es="Linear";ed="In";};["Head"]={cf=cfr(0,0,.018,.986,.166,-.005,-.165,.982,-.089,-.01,.089,.996);es="Linear";ed="In";};};{tm=1.4;["Torso"]={cf=cfr(-.05,-.004,-.167,.993,.107,-.053,-.108,.994,-.001,.052,.007,.999);es="Linear";ed="In";};["Left Leg"]={cf=cfr(-.781,.221,.013,.887,-.458,.049,.455,.888,.072,-.077,-.041,.996);es="Linear";ed="In";};["Right Leg"]={cf=cfr(.578,.144,.1,.849,.49,-.198,-.473,.871,.132,.237,-.018,.971);es="Linear";ed="In";};["Left Arm"]={cf=cfr(-.245,-.078,.128,.678,.457,.576,-.602,.794,.079,-.422,-.4,.814);es="Linear";ed="In";};["Right Arm"]={cf=cfr(.128,-.107,-.076,.676,-.539,.502,.602,.797,.045,-.424,.272,.864);es="Linear";ed="In";};["Head"]={cf=cfr(0,0,.018,1,.022,.013,-.022,.998,-.056,-.015,.056,.998);es="Linear";ed="In";};};{tm=1.433;["Torso"]={cf=cfr(-.092,.024,-.171,.994,.005,-.106,-.002,.999,.035,.106,-.035,.994);es="Linear";ed="In";};["Left Leg"]={cf=cfr(-.754,.282,.074,.87,-.47,.147,.456,.882,.121,-.186,-.038,.982);es="Linear";ed="In";};["Right Leg"]={cf=cfr(.54,.163,.147,.779,.56,-.281,-.52,.828,.21,.35,-.017,.937);es="Linear";ed="In";};["Left Arm"]={cf=cfr(-.364,-.029,.177,.251,.519,.817,-.825,.557,-.1,-.507,-.648,.568);es="Linear";ed="In";};["Right Arm"]={cf=cfr(.14,-.083,-.106,.438,-.602,.668,.725,.676,.134,-.532,.426,.732);es="Linear";ed="In";};["Head"]={cf=cfr(0,0,.018,.991,-.125,.043,.126,.992,-.017,-.041,.022,.999);es="Linear";ed="In";};};{tm=1.467;["Torso"]={cf=cfr(-.122,.044,-.176,.987,-.064,-.145,.074,.996,.06,.14,-.07,.988);es="Linear";ed="In";};["Left Leg"]={cf=cfr(-.726,.338,.102,.861,-.465,.207,.438,.884,.164,-.259,-.051,.965);es="Linear";ed="In";};["Right Leg"]={cf=cfr(.498,.179,.183,.717,.606,-.344,-.543,.795,.269,.436,-.006,.9);es="Linear";ed="In";};["Left Arm"]={cf=cfr(-.439,.04,.215,-.077,.474,.877,-.941,.257,-.221,-.331,-.842,.426);es="Linear";ed="In";};["Right Arm"]={cf=cfr(.149,-.043,-.139,.202,-.648,.734,.862,.474,.181,-.465,.596,.654);es="Linear";ed="In";};["Head"]={cf=cfr(0,0,.018,.969,-.238,.066,.238,.971,.016,-.068,0,.998);es="Linear";ed="In";};};{tm=1.5;["Torso"]={cf=cfr(-.133,.05,-.178,.983,-.09,-.158,.102,.992,.068,.151,-.083,.985);es="Linear";ed="In";};["Left Leg"]={cf=cfr(-.718,.359,.104,.86,-.46,.22,.428,.886,.179,-.278,-.06,.959);es="Linear";ed="In";};["Right Leg"]={cf=cfr(.478,.185,.196,.692,.621,-.369,-.549,.784,.29,.469,.002,.883);es="Linear";ed="In";};["Left Arm"]={cf=cfr(-.464,.189,.377,-.278,.331,.902,-.961,-.1,-.259,.004,-.938,.345);es="Linear";ed="In";};["Right Arm"]={cf=cfr(.146,.029,-.173,-.087,-.633,.77,.975,.105,.196,-.204,.767,.608);es="Linear";ed="In";};["Head"]={cf=cfr(0,0,.018,.952,-.298,.072,.296,.954,.038,-.08,-.015,.997);es="Linear";ed="In";};};{tm=1.533;["Torso"]={cf=cfr(-.13,.045,-.177,.983,-.095,-.155,.106,.993,.061,.148,-.077,.986);es="Linear";ed="In";};["Left Leg"]={cf=cfr(-.714,.33,.113,.86,-.462,.218,.436,.886,.156,-.265,-.039,.963);es="Linear";ed="In";};["Right Leg"]={cf=cfr(.473,.184,.198,.695,.615,-.373,-.546,.788,.284,.468,.006,.883);es="Linear";ed="In";};["Left Arm"]={cf=cfr(-.476,.162,.409,-.158,.303,.94,-.986,-.102,-.132,.056,-.947,.315);es="Linear";ed="In";};["Right Arm"]={cf=cfr(.143,.033,-.176,-.064,-.614,.787,.985,.086,.147,-.157,.784,.6);es="Linear";ed="In";};["Head"]={cf=cfr(0,0,.018,.942,-.331,.051,.328,.943,.06,-.068,-.04,.997);es="Linear";ed="In";};};{tm=1.567;["Torso"]={cf=cfr(-.121,.031,-.175,.985,-.1,-.143,.107,.993,.044,.138,-.059,.989);es="Linear";ed="In";};["Left Leg"]={cf=cfr(-.691,.246,.131,.859,-.465,.215,.456,.885,.096,-.235,.016,.972);es="Linear";ed="In";};["Right Leg"]={cf=cfr(.471,.182,.198,.709,.598,-.374,-.537,.801,.264,.457,.014,.889);es="Linear";ed="In";};["Left Arm"]={cf=cfr(-.488,.113,.412,-.04,.331,.943,-.996,-.091,-.011,.082,-.939,.333);es="Linear";ed="In";};["Right Arm"]={cf=cfr(.146,.036,-.174,-.039,-.632,.774,.992,.068,.106,-.119,.772,.624);es="Linear";ed="In";};["Head"]={cf=cfr(0,0,.018,.933,-.359,.001,.358,.93,.089,-.033,-.083,.996);es="Linear";ed="In";};};{tm=1.6;["Torso"]={cf=cfr(-.107,.012,-.173,.987,-.104,-.125,.107,.994,.02,.122,-.033,.992);es="Linear";ed="In";};["Left Leg"]={cf=cfr(-.65,.141,.129,.867,-.457,.199,.462,.886,.024,-.187,.071,.98);es="Linear";ed="In";};["Right Leg"]={cf=cfr(.468,.177,.198,.729,.573,-.374,-.524,.819,.234,.441,.026,.897);es="Linear";ed="In";};["Left Arm"]={cf=cfr(-.506,.086,.406,-.005,.341,.94,-.992,-.121,.039,.127,-.932,.339);es="Linear";ed="In";};["Right Arm"]={cf=cfr(.15,.041,-.17,-.01,-.659,.752,.998,.037,.045,-.057,.751,.658);es="Linear";ed="In";};["Head"]={cf=cfr(0,0,.018,.924,-.377,-.06,.382,.917,.117,.011,-.131,.991);es="Linear";ed="In";};};{tm=1.633;["Torso"]={cf=cfr(-.091,-.005,-.171,.989,-.106,-.105,.106,.994,-.003,.105,-.008,.994);es="Linear";ed="In";};["Left Leg"]={cf=cfr(-.613,.074,.103,.884,-.438,.164,.447,.894,-.024,-.136,.094,.986);es="Linear";ed="In";};["Right Leg"]={cf=cfr(.459,.172,.2,.747,.547,-.378,-.51,.836,.204,.428,.041,.903);es="Linear";ed="In";};["Left Arm"]={cf=cfr(-.527,.063,.384,.006,.361,.933,-.986,-.154,.066,.167,-.92,.355);es="Linear";ed="In";};["Right Arm"]={cf=cfr(.153,.044,-.165,.021,-.698,.715,1,.005,-.025,.014,.716,.698);es="Linear";ed="In";};["Head"]={cf=cfr(0,0,.018,.917,-.385,-.099,.396,.909,.133,.039,-.161,.986);es="Linear";ed="In";};};{tm=1.667;["Torso"]={cf=cfr(-.077,-.017,-.17,.99,-.107,-.088,.106,.994,-.018,.089,.008,.996);es="Linear";ed="In";};["Left Leg"]={cf=cfr(-.621,.065,.071,.898,-.424,.116,.43,.902,-.034,-.09,.08,.993);es="Linear";ed="In";};["Right Leg"]={cf=cfr(.442,.166,.206,.755,.527,-.391,-.498,.848,.181,.427,.059,.902);es="Linear";ed="In";};["Left Arm"]={cf=cfr(-.551,.05,.342,.05,.439,.897,-.969,-.197,.15,.242,-.877,.415);es="Linear";ed="In";};["Right Arm"]={cf=cfr(.158,.046,-.156,.058,-.755,.653,.993,-.026,-.118,.106,.655,.748);es="Linear";ed="In";};["Head"]={cf=cfr(0,0,.018,.916,-.388,-.101,.399,.907,.135,.04,-.164,.986);es="Linear";ed="In";};};{tm=1.7;["Torso"]={cf=cfr(-.066,-.023,-.169,.994,-.076,-.073,.075,.997,-.026,.075,.02,.997);es="Linear";ed="In";};["Left Leg"]={cf=cfr(-.647,.089,.051,.908,-.41,.084,.414,.91,-.026,-.066,.058,.996);es="Linear";ed="In";};["Right Leg"]={cf=cfr(.448,.163,.201,.772,.509,-.381,-.487,.858,.161,.409,.061,.91);es="Linear";ed="In";};["Left Arm"]={cf=cfr(-.618,-.026,.234,.308,.771,.557,-.94,.157,.302,.145,-.617,.774);es="Linear";ed="In";};["Right Arm"]={cf=cfr(.166,.046,-.14,.098,-.823,.559,.97,-.046,-.238,.222,.565,.794);es="Linear";ed="In";};["Head"]={cf=cfr(0,0,.018,.941,-.33,-.074,.337,.933,.124,.028,-.142,.99);es="Linear";ed="In";};};{tm=1.733;["Torso"]={cf=cfr(-.056,-.027,-.168,.998,.015,-.06,-.017,.999,-.03,.06,.031,.998);es="Linear";ed="In";};["Left Leg"]={cf=cfr(-.649,.123,.056,.919,-.384,.09,.388,.922,-.019,-.076,.053,.996);es="Linear";ed="In";};["Right Leg"]={cf=cfr(.506,.168,.167,.814,.488,-.314,-.469,.872,.139,.342,.034,.939);es="Linear";ed="In";};["Left Arm"]={cf=cfr(-.603,-.028,.17,.314,.926,.21,-.922,.244,.3,.226,-.288,.931);es="Linear";ed="In";};["Right Arm"]={cf=cfr(.178,-.018,-.093,.337,-.914,.227,.912,.256,-.322,.236,.315,.919);es="Linear";ed="In";};["Head"]={cf=cfr(0,0,.018,.988,-.153,-.03,.155,.983,.1,.014,-.103,.995);es="Linear";ed="In";};};{tm=1.767;["Torso"]={cf=cfr(-.045,-.028,-.168,.988,.145,-.047,-.147,.989,-.031,.042,.038,.998);es="Linear";ed="In";};["Left Leg"]={cf=cfr(-.636,.162,.072,.926,-.359,.119,.361,.932,-.002,-.11,.045,.993);es="Linear";ed="In";};["Right Leg"]={cf=cfr(.583,.178,.112,.861,.46,-.216,-.445,.888,.118,.246,-.006,.969);es="Linear";ed="In";};["Left Arm"]={cf=cfr(-.448,-.089,.108,.71,.666,-.231,-.646,.745,.164,.281,.032,.959);es="Linear";ed="In";};["Right Arm"]={cf=cfr(.147,-.093,-.025,.594,-.782,-.187,.766,.621,-.167,.246,-.044,.968);es="Linear";ed="In";};["Head"]={cf=cfr(0,0,.018,.995,.095,.019,-.096,.993,.064,-.013,-.065,.998);es="Linear";ed="In";};};{tm=1.8;["Torso"]={cf=cfr(-.032,-.028,-.167,.963,.267,-.03,-.268,.963,-.032,.021,.039,.999);es="Linear";ed="In";};["Left Leg"]={cf=cfr(-.629,.194,.081,.925,-.352,.142,.351,.936,.028,-.143,.024,.989);es="Linear";ed="In";};["Right Leg"]={cf=cfr(.637,.185,.061,.893,.43,-.133,-.42,.902,.097,.161,-.031,.986);es="Linear";ed="In";};["Left Arm"]={cf=cfr(-.313,-.064,.101,.772,.565,-.29,-.558,.822,.117,.304,.072,.95);es="Linear";ed="In";};["Right Arm"]={cf=cfr(.126,-.11,-.001,.65,-.697,-.303,.715,.696,-.066,.257,-.173,.951);es="Linear";ed="In";};["Head"]={cf=cfr(0,0,.018,.95,.307,.06,-.309,.95,.031,-.047,-.048,.998);es="Linear";ed="In";};};{tm=1.833;["Torso"]={cf=cfr(-.017,-.03,-.167,.937,.348,-.011,-.348,.937,-.035,-.002,.036,.999);es="Linear";ed="In";};["Left Leg"]={cf=cfr(-.645,.209,.072,.918,-.371,.137,.366,.928,.06,-.15,-.005,.989);es="Linear";ed="In";};["Right Leg"]={cf=cfr(.654,.181,.04,.908,.407,-.095,-.402,.913,.075,.117,-.029,.993);es="Linear";ed="In";};["Left Arm"]={cf=cfr(-.248,-.045,.094,.775,.543,-.324,-.549,.832,.083,.314,.113,.943);es="Linear";ed="In";};["Right Arm"]={cf=cfr(.116,-.114,.015,.66,-.66,-.359,.709,.706,.007,.249,-.259,.933);es="Linear";ed="In";};["Head"]={cf=cfr(0,0,.018,.905,.417,.087,-.419,.908,.014,-.073,-.05,.996);es="Linear";ed="In";};};{tm=1.867;["Torso"]={cf=cfr(.003,-.033,-.167,.915,.402,.014,-.402,.915,-.038,-.028,.029,.999);es="Linear";ed="In";};["Left Leg"]={cf=cfr(-.682,.21,.045,.908,-.406,.104,.398,.913,.092,-.132,-.042,.99);es="Linear";ed="In";};["Right Leg"]={cf=cfr(.642,.188,.058,.91,.396,-.119,-.392,.918,.061,.133,-.009,.991);es="Linear";ed="In";};["Left Arm"]={cf=cfr(-.251,-.035,.061,.71,.557,-.43,-.623,.782,-.015,.328,.279,.903);es="Linear";ed="In";};["Right Arm"]={cf=cfr(.157,-.106,.061,.595,-.64,-.485,.762,.642,.087,.256,-.421,.87);es="Linear";ed="In";};["Head"]={cf=cfr(0,0,.018,.877,.468,.111,-.472,.882,.01,-.093,-.061,.994);es="Linear";ed="In";};};{tm=1.9;["Torso"]={cf=cfr(.028,-.034,-.168,.894,.445,.045,-.444,.895,-.04,-.058,.015,.998);es="Linear";ed="In";};["Left Leg"]={cf=cfr(-.73,.206,.002,.895,-.444,.051,.435,.891,.126,-.101,-.091,.991);es="Linear";ed="In";};["Right Leg"]={cf=cfr(.616,.225,.104,.9,.392,-.191,-.387,.92,.065,.201,.016,.979);es="Linear";ed="In";};["Left Arm"]={cf=cfr(-.259,.002,.011,.534,.598,-.598,-.795,.596,-.115,.288,.536,.794);es="Linear";ed="In";};["Right Arm"]={cf=cfr(.28,-.074,.143,.426,-.624,-.656,.878,.461,.131,.22,-.631,.744);es="Linear";ed="In";};["Head"]={cf=cfr(0,0,.018,.85,.508,.14,-.514,.858,.006,-.117,-.077,.99);es="Linear";ed="In";};};{tm=1.933;["Torso"]={cf=cfr(.054,-.036,-.17,.877,.473,.079,-.472,.881,-.041,-.089,-.001,.996);es="Linear";ed="In";};["Left Leg"]={cf=cfr(-.775,.199,-.042,.878,-.478,-.003,.472,.867,.157,-.073,-.14,.988);es="Linear";ed="In";};["Right Leg"]={cf=cfr(.586,.275,.15,.884,.385,-.265,-.379,.922,.075,.273,.034,.961);es="Linear";ed="In";};["Left Arm"]={cf=cfr(-.253,.061,-.035,.289,.567,-.771,-.946,.294,-.139,.148,.769,.622);es="Linear";ed="In";};["Right Arm"]={cf=cfr(.431,-.027,.235,.193,-.551,-.812,.975,.197,.098,.106,-.811,.576);es="Linear";ed="In";};["Head"]={cf=cfr(0,0,.018,.829,.533,.167,-.541,.841,.002,-.139,-.092,.986);es="Linear";ed="In";};};{tm=1.967;["Torso"]={cf=cfr(.077,-.038,-.172,.867,.487,.108,-.485,.873,-.044,-.116,-.015,.993);es="Linear";ed="In";};["Left Leg"]={cf=cfr(-.806,.195,-.074,.864,-.502,-.037,.5,.846,.185,-.061,-.178,.982);es="Linear";ed="In";};["Right Leg"]={cf=cfr(.563,.308,.178,.873,.377,-.31,-.371,.925,.08,.317,.045,.947);es="Linear";ed="In";};["Left Arm"]={cf=cfr(-.235,.109,-.056,.106,.479,-.872,-.994,.049,-.093,-.002,.877,.481);es="Linear";ed="In";};["Right Arm"]={cf=cfr(.543,.005,.303,.007,-.446,-.895,.999,-.026,.021,-.032,-.895,.445);es="Linear";ed="In";};["Head"]={cf=cfr(0,0,.018,.818,.546,.184,-.555,.832,-.002,-.155,-.101,.983);es="Linear";ed="In";};};{tm=2;["Torso"]={cf=cfr(.094,-.04,-.174,.862,.49,.13,-.488,.872,-.047,-.136,-.022,.99);es="Linear";ed="In";};["Left Leg"]={cf=cfr(-.819,.2,-.085,.856,-.515,-.045,.512,.833,.208,-.069,-.201,.977);es="Linear";ed="In";};["Right Leg"]={cf=cfr(.554,.307,.188,.869,.375,-.322,-.372,.925,.072,.325,.057,.944);es="Linear";ed="In";};["Left Arm"]={cf=cfr(-.226,.124,-.061,.042,.431,-.901,-.998,-.029,-.061,-.053,.902,.429);es="Linear";ed="In";};["Right Arm"]={cf=cfr(.588,.008,.339,-.077,-.387,-.919,.99,-.136,-.026,-.115,-.912,.394);es="Linear";ed="In";};["Head"]={cf=cfr(0,0,.018,.814,.549,.189,-.558,.83,-.007,-.16,-.1,.982);es="Linear";ed="In";};};{tm=2.033;["Torso"]={cf=cfr(.106,-.044,-.176,.863,.484,.144,-.481,.875,-.052,-.152,-.024,.988);es="Linear";ed="In";};["Left Leg"]={cf=cfr(-.816,.216,-.077,.855,-.518,-.027,.51,.829,.229,-.096,-.21,.973);es="Linear";ed="In";};["Right Leg"]={cf=cfr(.546,.281,.189,.871,.373,-.32,-.376,.925,.057,.317,.07,.946);es="Linear";ed="In";};["Left Arm"]={cf=cfr(-.222,.11,-.059,.037,.423,-.905,-.998,-.024,-.052,-.043,.906,.422);es="Linear";ed="In";};["Right Arm"]={cf=cfr(.597,-.029,.357,-.108,-.368,-.923,.982,-.184,-.041,-.154,-.911,.381);es="Linear";ed="In";};["Head"]={cf=cfr(0,0,.018,.803,.572,.166,-.576,.817,-.025,-.15,-.075,.986);es="Linear";ed="In";};};{tm=2.067;["Torso"]={cf=cfr(.113,-.048,-.177,.872,.464,.154,-.461,.885,-.057,-.163,-.021,.986);es="Linear";ed="In";};["Left Leg"]={cf=cfr(-.797,.246,-.053,.86,-.51,.015,.491,.83