-- // converted using mech's animoduler
local cfr = CFrame.new

return {{tm=0;["Torso"]={cf=cfr(.056,.08,-.172,.997,0,.071,-.007,.995,.101,-.071,-.102,.992);es="Linear";ed="In";};["Left Leg"]={cf=cfr(-.601,.084,-.005,.853,-.521,.028,.503,.836,.22,-.138,-.174,.975);es="Linear";ed="In";};["Right Leg"]={cf=cfr(.433,.125,-.027,.984,.18,.012,-.18,.98,.081,.003,-.082,.997);es="Linear";ed="In";};["Left Arm"]={cf=cfr(-.224,-.1,.531,-.104,-.524,.846,-.779,.572,.258,-.619,-.631,-.467);es="Linear";ed="In";};["Right Arm"]={cf=cfr(.262,.024,.178,-.341,.193,-.92,.677,.73,-.097,.653,-.656,-.38);es="Linear";ed="In";};["Head"]={cf=cfr(0,0,.018,.953,.301,.031,-.295,.947,-.128,-.068,.113,.991);es="Linear";ed="In";};};{tm=.033;["Torso"]={cf=cfr(.056,.077,-.192,.997,.004,.071,-.011,.995,.101,-.07,-.102,.992);es="Linear";ed="In";};["Left Leg"]={cf=cfr(-.623,.087,-.001,.843,-.537,.035,.517,.826,.223,-.149,-.169,.974);es="Linear";ed="In";};["Right Leg"]={cf=cfr(.473,.139,-.03,.98,.2,.013,-.2,.976,.083,.004,-.084,.996);es="Linear";ed="In";};["Left Arm"]={cf=cfr(-.238,-.102,.468,-.109,-.427,.898,-.797,.577,.178,-.594,-.696,-.403);es="Linear";ed="In";};["Right Arm"]={cf=cfr(.245,.049,.202,-.472,.136,-.871,.7,.659,-.276,.536,-.74,-.406);es="Linear";ed="In";};["Head"]={cf=cfr(0,0,.018,.953,.302,.034,-.296,.948,-.116,-.067,.101,.993);es="Linear";ed="In";};};{tm=.067;["Torso"]={cf=cfr(.054,.067,-.224,.997,.016,.071,-.023,.995,.101,-.069,-.103,.992);es="Linear";ed="In";};["Left Leg"]={cf=cfr(-.651,.091,.012,.823,-.565,.053,.541,.809,.228,-.172,-.159,.972);es="Linear";ed="In";};["Right Leg"]={cf=cfr(.535,.16,-.037,.973,.23,.021,-.231,.969,.086,0,-.088,.996);es="Linear";ed="In";};["Left Arm"]={cf=cfr(-.276,-.101,.293,-.12,-.159,.98,-.825,.565,-.01,-.552,-.81,-.199);es="Linear";ed="In";};["Right Arm"]={cf=cfr(.196,.116,.24,-.696,.008,-.718,.638,.467,-.613,.33,-.884,-.33);es="Linear";ed="In";};["Head"]={cf=cfr(0,0,.018,.952,.302,.041,-.298,.951,-.084,-.064,.068,.996);es="Linear";ed="In";};};{tm=.1;["Torso"]={cf=cfr(.052,.046,-.252,.997,.031,.071,-.039,.994,.101,-.067,-.103,.992);es="Linear";ed="In";};["Left Leg"]={cf=cfr(-.665,.089,.03,.8,-.595,.077,.566,.79,.236,-.201,-.145,.969);es="Linear";ed="In";};["Right Leg"]={cf=cfr(.59,.176,-.047,.965,.26,.034,-.262,.961,.087,-.01,-.093,.996);es="Linear";ed="In";};["Left Arm"]={cf=cfr(-.331,-.084,.104,-.147,.199,.969,-.854,.469,-.225,-.499,-.861,.101);es="Linear";ed="In";};["Right Arm"]={cf=cfr(.143,.204,.269,-.866,-.101,-.49,.471,.166,-.866,.169,-.981,-.096);es="Linear";ed="In";};["Head"]={cf=cfr(0,0,.018,.953,.299,.047,-.297,.954,-.051,-.06,.035,.998);es="Linear";ed="In";};};{tm=.133;["Torso"]={cf=cfr(.049,.017,-.263,.996,.047,.071,-.054,.993,.101,-.066,-.105,.992);es="Linear";ed="In";};["Left Leg"]={cf=cfr(-.654,.079,.049,.78,-.617,.1,.583,.776,.243,-.228,-.131,.965);es="Linear";ed="In";};["Right Leg"]={cf=cfr(.621,.176,-.058,.958,.282,.05,-.285,.955,.086,-.024,-.097,.995);es="Linear";ed="In";};["Left Arm"]={cf=cfr(-.383,-.058,.015,-.182,.491,.852,-.877,.311,-.367,-.445,-.813,.374);es="Linear";ed="In";};["Right Arm"]={cf=cfr(.132,.269,.271,-.921,-.186,-.343,.366,-.107,-.925,.135,-.977,.167);es="Linear";ed="In";};["Head"]={cf=cfr(0,0,.018,.955,.292,.05,-.291,.956,-.037,-.059,.021,.998);es="Linear";ed="In";};};{tm=.167;["Torso"]={cf=cfr(.045,-.024,-.256,.995,.063,.072,-.071,.992,.104,-.065,-.108,.992);es="Linear";ed="In";};["Left Leg"]={cf=cfr(-.615,.059,.068,.761,-.636,.126,.596,.763,.252,-.256,-.117,.959);es="Linear";ed="In";};["Right Leg"]={cf=cfr(.636,.157,-.07,.95,.304,.073,-.309,.948,.082,-.044,-.1,.994);es="Linear";ed="In";};["Left Arm"]={cf=cfr(-.432,-.044,-.013,-.279,.721,.635,-.893,.049,-.448,-.354,-.692,.63);es="Linear";ed="In";};["Right Arm"]={cf=cfr(.168,.248,.223,-.927,-.279,-.251,.344,-.364,-.866,.15,-.889,.433);es="Linear";ed="In";};["Head"]={cf=cfr(0,0,.018,.956,.288,.047,-.287,.957,-.043,-.058,.027,.998);es="Linear";ed="In";};};{tm=.2;["Torso"]={cf=cfr(.039,-.082,-.237,.994,.085,.073,-.092,.99,.111,-.063,-.117,.991);es="Linear";ed="In";};["Left Leg"]={cf=cfr(-.538,.032,.088,.739,-.655,.158,.607,.749,.266,-.293,-.101,.951);es="Linear";ed="In";};["Right Leg"]={cf=cfr(.641,.121,-.086,.938,.331,.106,-.34,.938,.074,-.074,-.105,.992);es="Linear";ed="In";};["Left Arm"]={cf=cfr(-.464,-.057,-.069,-.509,.823,.252,-.829,-.39,-.401,-.232,-.413,.881);es="Linear";ed="In";};["Right Arm"]={cf=cfr(.235,.101,.096,-.923,-.358,-.138,.35,-.636,-.688,.159,-.683,.713);es="Linear";ed="In";};["Head"]={cf=cfr(0,0,.018,.956,.29,.04,-.287,.956,-.06,-.056,.046,.997);es="Linear";ed="In";};};{tm=.233;["Torso"]={cf=cfr(.032,-.139,-.212,.992,.105,.075,-.114,.986,.123,-.061,-.13,.99);es="Linear";ed="In";};["Left Leg"]={cf=cfr(-.438,.014,.098,.719,-.668,.191,.611,.739,.283,-.33,-.087,.94);es="Linear";ed="In";};["Right Leg"]={cf=cfr(.633,.077,-.101,.922,.359,.141,-.371,.926,.064,-.107,-.111,.988);es="Linear";ed="In";};["Left Arm"]={cf=cfr(-.444,-.119,-.147,-.758,.634,-.155,-.618,-.773,-.145,-.211,-.014,.977);es="Linear";ed="In";};["Right Arm"]={cf=cfr(.31,-.117,-.076,-.915,-.403,-.014,.374,-.834,-.406,.152,-.377,.914);es="Linear";ed="In";};["Head"]={cf=cfr(0,0,.018,.958,.285,.032,-.281,.956,-.08,-.053,.068,.996);es="Linear";ed="In";};};{tm=.267;["Torso"]={cf=cfr(.028,-.173,-.194,.99,.119,.077,-.129,.982,.139,-.059,-.148,.987);es="Linear";ed="In";};["Left Leg"]={cf=cfr(-.35,.01,.095,.706,-.676,.213,.612,.733,.298,-.357,-.08,.931);es="Linear";ed="In";};["Right Leg"]={cf=cfr(.62,.042,-.111,.908,.384,.167,-.397,.916,.055,-.132,-.116,.984);es="Linear";ed="In";};["Left Arm"]={cf=cfr(-.406,-.226,-.201,-.854,.349,-.385,-.418,-.902,.11,-.309,.255,.917);es="Linear";ed="In";};["Right Arm"]={cf=cfr(.362,-.303,-.221,-.908,-.409,.092,.397,-.909,-.127,.136,-.079,.988);es="Linear";ed="In";};["Head"]={cf=cfr(0,0,.018,.965,.262,.027,-.259,.962,-.087,-.049,.077,.996);es="Linear";ed="In";};};{tm=.3;["Torso"]={cf=cfr(.028,-.174,-.189,.989,.123,.079,-.134,.978,.158,-.058,-.167,.984);es="Linear";ed="In";};["Left Leg"]={cf=cfr(-.313,.007,.091,.694,-.686,.217,.619,.723,.306,-.367,-.078,.927);es="Linear";ed="In";};["Right Leg"]={cf=cfr(.615,.021,-.115,.897,.404,.178,-.419,.907,.05,-.141,-.119,.983);es="Linear";ed="In";};["Left Arm"]={cf=cfr(-.395,-.314,-.221,-.836,.225,-.501,-.357,-.916,.184,-.417,.333,.846);es="Linear";ed="In";};["Right Arm"]={cf=cfr(.378,-.374,-.291,-.903,-.396,.166,.41,-.91,.06,.127,.122,.984);es="Linear";ed="In";};["Head"]={cf=cfr(0,0,.018,.976,.217,.026,-.215,.974,-.075,-.042,.067,.997);es="Linear";ed="In";};};{tm=.333;["Torso"]={cf=cfr(.03,-.151,-.195,.989,.121,.081,-.135,.974,.184,-.057,-.193,.98);es="Linear";ed="In";};["Left Leg"]={cf=cfr(-.311,-.001,.091,.676,-.706,.211,.637,.704,.312,-.369,-.077,.926);es="Linear";ed="In";};["Right Leg"]={cf=cfr(.619,.004,-.116,.884,.431,.18,-.445,.894,.045,-.142,-.12,.983);es="Linear";ed="In";};["Left Arm"]={cf=cfr(-.402,-.357,-.509,-.794,.212,-.571,-.363,-.917,.164,-.489,.337,.805);es="Linear";ed="In";};["Right Arm"]={cf=cfr(.374,-.377,-.315,-.901,-.377,.215,.415,-.893,.171,.127,.243,.962);es="Linear";ed="In";};["Head"]={cf=cfr(0,0,.018,.988,.15,.028,-.148,.988,-.044,-.034,.04,.999);es="Linear";ed="In";};};{tm=.367;["Torso"]={cf=cfr(.034,-.114,-.209,.989,.118,.085,-.135,.966,.22,-.056,-.229,.972);es="Linear";ed="In";};["Left Leg"]={cf=cfr(-.32,-.014,.095,.647,-.735,.201,.665,.674,.322,-.372,-.074,.925);es="Linear";ed="In";};["Right Leg"]={cf=cfr(.63,-.018,-.117,.865,.468,.181,-.482,.875,.039,-.14,-.121,.983);es="Linear";ed="In";};["Left Arm"]={cf=cfr(-.409,-.384,-.793,-.771,.211,-.6,-.368,-.917,.15,-.519,.337,.786);es="Linear";ed="In";};["Right Arm"]={cf=cfr(.371,-.38,-.329,-.901,-.359,.244,.414,-.879,.236,.13,.314,.941);es="Linear";ed="In";};["Head"]={cf=cfr(0,0,.018,.998,.058,.027,-.058,.998,.001,-.027,-.002,1);es="Linear";ed="In";};};{tm=.4;["Torso"]={cf=cfr(.039,-.067,-.228,.989,.115,.09,-.134,.957,.256,-.057,-.266,.962);es="Linear";ed="In";};["Left Leg"]={cf=cfr(-.343,-.031,.101,.614,-.766,.189,.695,.638,.33,-.374,-.071,.925);es="Linear";ed="In";};["Right Leg"]={cf=cfr(.645,-.037,-.119,.844,.504,.18,-.518,.855,.034,-.137,-.122,.983);es="Linear";ed="In";};["Left Arm"]={cf=cfr(-.413,-.44,-.792,-.756,.212,-.619,-.37,-.919,.138,-.539,.334,.773);es="Linear";ed="In";};["Right Arm"]={cf=cfr(.368,-.381,-.335,-.902,-.345,.259,.41,-.872,.266,.134,.346,.929);es="Linear";ed="In";};["Head"]={cf=cfr(0,0,.018,.999,-.043,.019,.042,.998,.05,-.021,-.049,.999);es="Linear";ed="In";};};{tm=.433;["Torso"]={cf=cfr(.045,-.023,-.25,.989,.112,.094,-.134,.95,.282,-.057,-.291,.955);es="Linear";ed="In";};["Left Leg"]={cf=cfr(-.377,-.048,.11,.587,-.79,.179,.719,.61,.334,-.373,-.067,.925);es="Linear";ed="In";};["Right Leg"]={cf=cfr(.665,-.046,-.12,.831,.528,.177,-.541,.84,.032,-.131,-.122,.984);es="Linear";ed="In";};["Left Arm"]={cf=cfr(-.416,-.501,-.789,-.748,.215,-.628,-.372,-.919,.128,-.549,.33,.768);es="Linear";ed="In";};["Right Arm"]={cf=cfr(.366,-.382,-.339,-.903,-.337,.266,.408,-.867,.287,.134,.367,.921);es="Linear";ed="In";};["Head"]={cf=cfr(0,0,.018,.991,-.131,.005,.13,.988,.087,-.016,-.085,.996);es="Linear";ed="In";};};{tm=.467;["Torso"]={cf=cfr(.048,.011,-.268,.989,.111,.095,-.134,.948,.29,-.058,-.3,.952);es="Linear";ed="In";};["Left Leg"]={cf=cfr(-.418,-.059,.117,.574,-.801,.173,.731,.596,.332,-.369,-.064,.927);es="Linear";ed="In";};["Right Leg"]={cf=cfr(.685,-.038,-.121,.829,.532,.171,-.545,.838,.035,-.125,-.123,.985);es="Linear";ed="In";};["Left Arm"]={cf=cfr(-.419,-.525,-.785,-.741,.225,-.633,-.382,-.916,.122,-.553,.333,.764);es="Linear";ed="In";};["Right Arm"]={cf=cfr(.365,-.385,-.346,-.903,-.331,.273,.41,-.854,.32,.127,.401,.907);es="Linear";ed="In";};["Head"]={cf=cfr(0,0,.018,.981,-.194,-.009,.194,.975,.104,-.011,-.104,.995);es="Linear";ed="In";};};{tm=.5;["Torso"]={cf=cfr(.051,.04,-.283,.989,.112,.093,-.134,.951,.277,-.058,-.287,.956);es="Linear";ed="In";};["Left Leg"]={cf=cfr(-.474,-.058,.123,.582,-.795,.171,.73,.603,.321,-.358,-.062,.932);es="Linear";ed="In";};["Right Leg"]={cf=cfr(.706,-.006,-.12,.845,.51,.163,-.523,.851,.045,-.116,-.123,.986);es="Linear";ed="In";};["Left Arm"]={cf=cfr(-.419,-.488,-.708,-.709,.286,-.645,-.457,-.883,.11,-.537,.372,.757);es="Linear";ed="In";};["Right Arm"]={cf=cfr(.373,-.393,-.355,-.883,-.371,.288,.458,-.814,.357,.102,.447,.889);es="Linear";ed="In";};["Head"]={cf=cfr(0,0,.018,.971,-.24,-.017,.24,.966,.097,-.007,-.098,.995);es="Linear";ed="In";};};{tm=.533;["Torso"]={cf=cfr(.053,.065,-.297,.989,.116,.089,-.134,.962,.238,-.058,-.247,.967);es="Linear";ed="In";};["Left Leg"]={cf=cfr(-.547,-.033,.125,.617,-.768,.173,.71,.637,.301,-.341,-.063,.938);es="Linear";ed="In";};["Right Leg"]={cf=cfr(.723,.06,-.119,.88,.451,.15,-.464,.884,.06,-.105,-.122,.987);es="Linear";ed="In";};["Left Arm"]={cf=cfr(-.415,-.384,-.499,-.621,.427,-.657,-.625,-.776,.086,-.473,.464,.749);es="Linear";ed="In";};["Right Arm"]={cf=cfr(.396,-.41,-.362,-.819,-.489,.302,.573,-.726,.38,.033,.484,.874);es="Linear";ed="In";};["Head"]={cf=cfr(0,0,.018,.962,-.273,-.014,.273,.96,.064,-.004,-.065,.998);es="Linear";ed="In";};};{tm=.567;["Torso"]={cf=cfr(.054,.079,-.311,.989,.121,.082,-.134,.974,.182,-.058,-.191,.98);es="Linear";ed="In";};["Left Leg"]={cf=cfr(-.614,.018,.122,.667,-.723,.178,.671,.687,.279,-.324,-.066,.944);es="Linear";ed="In";};["Right Leg"]={cf=cfr(.727,.144,-.117,.92,.369,.135,-.381,.921,.076,-.096,-.122,.988);es="Linear";ed="In";};["Left Arm"]={cf=cfr(-.402,-.26,-.229,-.484,.575,-.659,-.799,-.597,.066,-.355,.559,.749);es="Linear";ed="In";};["Right Arm"]={cf=cfr(.425,-.436,-.363,-.715,-.637,.287,.694,-.595,.406,-.088,.489,.868);es="Linear";ed="In";};["Head"]={cf=cfr(0,0,.018,.956,-.292,-.002,.292,.956,.017,-.003,-.017,1);es="Linear";ed="In";};};{tm=.6;["Torso"]={cf=cfr(.053,.078,-.327,.989,.125,.075,-.134,.982,.13,-.058,-.138,.989);es="Linear";ed="In";};["Left Leg"]={cf=cfr(-.658,.077,.118,.711,-.678,.186,.629,.731,.262,-.314,-.069,.947);es="Linear";ed="In";};["Right Leg"]={cf=cfr(.722,.218,-.116,.948,.295,.122,-.306,.948,.089,-.09,-.121,.989);es="Linear";ed="In";};["Left Arm"]={cf=cfr(-.388,-.171,-.016,-.364,.667,-.65,-.904,-.42,.075,-.223,.615,.756);es="Linear";ed="In";};["Right Arm"]={cf=cfr(.45,-.461,-.355,-.604,-.765,.223,.757,-.464,.46,-.249,.446,.86);es="Linear";ed="In";};["Head"]={cf=cfr(0,0,.018,.954,-.299,.01,.299,.954,-.025,-.003,.026,1);es="Linear";ed="In";};};{tm=.633;["Torso"]={cf=cfr(.051,.064,-.342,.989,.128,.071,-.134,.986,.094,-.058,-.103,.993);es="Linear";ed="In";};["Left Leg"]={cf=cfr(-.679,.117,.118,.733,-.652,.194,.604,.755,.254,-.312,-.069,.947);es="Linear";ed="In";};["Right Leg"]={cf=cfr(.721,.266,-.117,.96,.254,.114,-.265,.959,.096,-.085,-.122,.989);es="Linear";ed="In";};["Left Arm"]={cf=cfr(-.384,-.147,.059,-.319,.705,-.633,-.941,-.316,.122,-.114,.635,.764);es="Linear";ed="In";};["Right Arm"]={cf=cfr(.468,-.479,-.337,-.509,-.855,.101,.742,-.376,.556,-.437,.358,.825);es="Linear";ed="In";};["Head"]={cf=cfr(0,0,.018,.954,-.3,.018,.3,.953,-.045,-.003,.049,.999);es="Linear";ed="In";};};{tm=.667;["Torso"]={cf=cfr(.048,.044,-.357,.989,.129,.068,-.134,.988,.072,-.058,-.081,.995);es="Linear";ed="In";};["Left Leg"]={cf=cfr(-.69,.14,.121,.74,-.641,.203,.593,.765,.253,-.317,-.067,.946);es="Linear";ed="In";};["Right Leg"]={cf=cfr(.728,.297,-.119,.965,.238,.109,-.249,.963,.1,-.082,-.123,.989);es="Linear";ed="In";};["Left Arm"]={cf=cfr(-.396,-.162,.067,-.345,.767,-.54,-.936,-.24,.256,.067,.594,.801);es="Linear";ed="In";};["Right Arm"]={cf=cfr(.452,-.459,-.199,-.32,-.892,-.318,.615,-.451,.647,-.721,.011,.693);es="Linear";ed="In";};["Head"]={cf=cfr(0,0,.018,.96,-.278,.021,.278,.959,-.048,-.007,.052,.999);es="Linear";ed="In";};};{tm=.7;["Torso"]={cf=cfr(.044,.022,-.372,.989,.13,.066,-.134,.989,.057,-.058,-.065,.996);es="Linear";ed="In";};["Left Leg"]={cf=cfr(-.697,.157,.127,.74,-.638,.213,.589,.767,.254,-.326,-.063,.943);es="Linear";ed="In";};["Right Leg"]={cf=cfr(.739,.32,-.121,.966,.234,.106,-.244,.964,.102,-.079,-.125,.989);es="Linear";ed="In";};["Left Arm"]={cf=cfr(-.42,-.176,.101,-.353,.892,-.284,-.84,-.168,.515,.412,.42,.809);es="Linear";ed="In";};["Right Arm"]={cf=cfr(.365,-.426,.042,.212,-.699,-.683,.407,-.572,.712,-.888,-.43,.163);es="Linear";ed="In";};["Head"]={cf=cfr(0,0,.018,.976,-.215,.021,.216,.976,-.038,-.012,.041,.999);es="Linear";ed="In";};};{tm=.733;["Torso"]={cf=cfr(.04,-.003,-.385,.989,.131,.065,-.134,.99,.048,-.058,-.056,.997);es="Linear";ed="In";};["Left Leg"]={cf=cfr(-.698,.163,.136,.732,-.644,.224,.592,.763,.26,-.338,-.057,.939);es="Linear";ed="In";};["Right Leg"]={cf=cfr(.753,.332,-.124,.964,.243,.106,-.254,.962,.103,-.077,-.126,.989);es="Linear";ed="In";};["Left Arm"]={cf=cfr(-.436,-.174,.153,-.232,.972,.035,-.623,-.176,.762,.747,.155,.647);es="Linear";ed="In";};["Right Arm"]={cf=cfr(.274,-.423,.26,.707,-.522,-.477,.164,-.536,.828,-.688,-.664,-.293);es="Linear";ed="In";};["Head"]={cf=cfr(0,0,.018,.991,-.134,.019,.134,.991,-.02,-.017,.023,1);es="Linear";ed="In";};};{tm=.767;["Torso"]={cf=cfr(.035,-.032,-.393,.989,.131,.064,-.134,.99,.045,-.058,-.054,.997);es="Linear";ed="In";};["Left Leg"]={cf=cfr(-.69,.158,.146,.718,-.655,.236,.6,.754,.268,-.354,-.051,.934);es="Linear";ed="In";};["Right Leg"]={cf=cfr(.77,.331,-.126,.959,.263,.108,-.274,.956,.102,-.077,-.127,.989);es="Linear";ed="In";};["Left Arm"]={cf=cfr(-.436,-.164,.191,-.063,.973,.223,-.427,-.228,.875,.902,-.04,.43);es="Linear";ed="In";};["Right Arm"]={cf=cfr(.13,-.37,.654,.999,-.041,-.024,.006,-.389,.921,-.047,-.92,-.389);es="Linear";ed="In";};["Head"]={cf=cfr(0,0,.018,.997,-.07,.019,.07,.998,-.005,-.018,.007,1);es="Linear";ed="In";};};{tm=.8;["Torso"]={cf=cfr(.031,-.065,-.395,.989,.131,.064,-.134,.99,.045,-.058,-.053,.997);es="Linear";ed="In";};["Left Leg"]={cf=cfr(-.676,.146,.157,.702,-.668,.248,.609,.743,.277,-.369,-.043,.928);es="Linear";ed="In";};["Right Leg"]={cf=cfr(.785,.321,-.129,.952,.287,.111,-.298,.949,.1,-.077,-.129,.989);es="Linear";ed="In";};["Left Arm"]={cf=cfr(-.435,-.163,.206,.029,.965,.26,-.346,-.234,.908,.938,-.117,.328);es="Linear";ed="In";};["Right Arm"]={cf=cfr(.031,-.452,.574,.949,.282,.138,-.05,-.301,.952,.31,-.911,-.272);es="Linear";ed="In";};["Head"]={cf=cfr(0,0,.018,.999,-.048,.019,.048,.999,0,-.019,.001,1);es="Linear";ed="In";};};{tm=.833;["Torso"]={cf=cfr(.026,-.106,-.385,.989,.131,.065,-.134,.99,.053,-.058,-.062,.996);es="Linear";ed="In";};["Left Leg"]={cf=cfr(-.643,.118,.168,.679,-.686,.26,.623,.727,.29,-.388,-.035,.921);es="Linear";ed="In";};["Right Leg"]={cf=cfr(.798,.285,-.131,.938,.325,.119,-.336,.937,.096,-.081,-.13,.988);es="Linear";ed="In";};["Left Arm"]={cf=cfr(-.427,-.161,.187,.068,.973,.219,-.417,-.172,.892,.906,-.152,.394);es="Linear";ed="In";};["Right Arm"]={cf=cfr(.001,-.406,.482,.955,.288,.066,-.009,-.194,.981,.295,-.938,-.182);es="Linear";ed="In";};["Head"]={cf=cfr(0,0,.018,.999,-.048,.015,.048,.999,-.009,-.015,.009,1);es="Linear";ed="In";};};{tm=.867;["Torso"]={cf=cfr(.021,-.156,-.357,.989,.129,.068,-.134,.988,.077,-.058,-.085,.995);es="Linear";ed="In";};["Left Leg"]={cf=cfr(-.574,.073,.176,.648,-.711,.272,.64,.703,.312,-.413,-.028,.91);es="Linear";ed="In";};["Right Leg"]={cf=cfr(.804,.211,-.135,.914,.382,.135,-.395,.915,.085,-.091,-.131,.987);es="Linear";ed="In";};["Left Arm"]={cf=cfr(-.403,-.155,.132,.157,.976,.149,-.623,-.019,.782,.766,-.216,.606);es="Linear";ed="In";};["Right Arm"]={cf=cfr(-.014,-.262,.384,.971,.235,-.043,.056,-.047,.997,.232,-.971,-.059);es="Linear";ed="In";};["Head"]={cf=cfr(0,0,.018,.999,-.049,.005,.05,.998,-.034,-.003,.034,.999);es="Linear";ed="In";};};{tm=.9;["Torso"]={cf=cfr(.016,-.205,-.321,.989,.127,.072,-.134,.985,.106,-.058,-.115,.992);es="Linear";ed="In";};["Left Leg"]={cf=cfr(-.481,.037,.173,.621,-.731,.283,.649,.682,.338,-.439,-.026,.898);es="Linear";ed="In";};["Right Leg"]={cf=cfr(.792,.125,-.139,.885,.438,.156,-.452,.889,.07,-.108,-.133,.985);es="Linear";ed="In";};["Left Arm"]={cf=cfr(-.371,-.167,.088,.349,.931,.108,-.755,.211,.621,.555,-.298,.776);es="Linear";ed="In";};["Right Arm"]={cf=cfr(-.015,-.152,.3,.978,.149,-.149,.119,.194,.974,.174,-.97,.172);es="Linear";ed="In";};["Head"]={cf=cfr(0,0,.018,.999,-.051,-.009,.051,.997,-.066,.012,.065,.998);es="Linear";ed="In";};};{tm=.933;["Torso"]={cf=cfr(.013,-.237,-.294,.989,.125,.075,-.134,.982,.129,-.058,-.138,.989);es="Linear";ed="In";};["Left Leg"]={cf=cfr(-.402,.025,.163,.607,-.74,.289,.649,.672,.358,-.459,-.029,.888);es="Linear";ed="In";};["Right Leg"]={cf=cfr(.772,.063,-.142,.864,.473,.173,-.488,.871,.057,-.123,-.134,.983);es="Linear";ed="In";};["Left Arm"]={cf=cfr(-.305,-.209,.071,.702,.694,.158,-.669,.567,.48,.244,-.443,.863);es="Linear";ed="In";};["Right Arm"]={cf=cfr(-.003,-.097,.203,.974,.028,-.223,.16,.613,.773,.158,-.789,.593);es="Linear";ed="In";};["Head"]={cf=cfr(0,0,.018,.998,-.053,-.019,.051,.995,-.091,.024,.089,.996);es="Linear";ed="In";};};{tm=.967;["Torso"]={cf=cfr(.012,-.248,-.284,.989,.125,.076,-.134,.981,.138,-.058,-.146,.988);es="Linear";ed="In";};["Left Leg"]={cf=cfr(-.372,.023,.157,.604,-.742,.292,.647,.67,.365,-.466,-.032,.884);es="Linear";ed="In";};["Right Leg"]={cf=cfr(.762,.043,-.143,.857,.484,.179,-.499,.865,.052,-.129,-.134,.983);es="Linear";ed="In";};["Left Arm"]={cf=cfr(-.256,-.233,.031,.847,.493,.199,-.531,.765,.366,.028,-.415,.909);es="Linear";ed="In";};["Right Arm"]={cf=cfr(.023,-.075,.128,.961,-.123,-.25,.233,.846,.479,.152,-.518,.842);es="Linear";ed="In";};["Head"]={cf=cfr(0,0,.018,.998,-.054,-.023,.051,.994,-.1,.028,.098,.995);es="Linear";ed="In";};};{tm=1;["Torso"]={cf=cfr(.014,-.234,-.285,.989,.125,.075,-.134,.983,.125,-.058,-.134,.989);es="Linear";ed="In";};["Left Leg"]={cf=cfr(-.402,.024,.157,.619,-.732,.283,.644,.68,.349,-.448,-.034,.893);es="Linear";ed="In";};["Right Leg"]={cf=cfr(.761,.067,-.14,.871,.461,.172,-.476,.878,.058,-.124,-.133,.983);es="Linear";ed="In";};["Left Arm"]={cf=cfr(-.294,-.267,-.037,.797,.601,.063,-.599,.773,.211,.078,-.206,.976);es="Linear";ed="In";};["Right Arm"]={cf=cfr(.08,-.092,.115,.926,-.315,-.207,.371,.86,.35,.068,-.401,.914);es="Linear";ed="In";};["Head"]={cf=cfr(0,0,.018,1,-.014,-.023,.012,.996,-.088,.024,.087,.996);es="Linear";ed="In";};};{tm=1.033;["Torso"]={cf=cfr(.019,-.194,-.29,.989,.128,.07,-.134,.987,.089,-.058,-.098,.994);es="Linear";ed="In";};["Left Leg"]={cf=cfr(-.482,.039,.152,.666,-.699,.262,.628,.714,.31,-.403,-.042,.914);es="Linear";ed="In";};["Right Leg"]={cf=cfr(.751,.137,-.132,.908,.389,.153,-.403,.912,.074,-.11,-.129,.985);es="Linear";ed="In";};["Left Arm"]={cf=cfr(-.377,-.324,-.148,.544,.768,-.338,-.803,.594,.057,.244,.24,.94);es="Linear";ed="In";};["Right Arm"]={cf=cfr(.183,-.122,.115,.825,-.564,-.022,.544,.784,.3,-.152,-.26,.954);es="Linear";ed="In";};["Head"]={cf=cfr(0,0,.018,.994,.105,-.022,-.106,.993,-.051,.017,.053,.998);es="Linear";ed="In";};};{tm=1.067;["Torso"]={cf=cfr(.027,-.138,-.3,.989,.132,.063,-.134,.99,.038,-.058,-.046,.997);es="Linear";ed="In";};["Left Leg"]={cf=cfr(-.57,.089,.138,.73,-.64,.239,.585,.766,.266,-.354,-.055,.934);es="Linear";ed="In";};["Right Leg"]={cf=cfr(.723,.23,-.123,.952,.279,.129,-.292,.952,.092,-.097,-.125,.987);es="Linear";ed="In";};["Left Arm"]={cf=cfr(-.424,-.37,-.268,.012,.61,-.793,-.971,.196,.137,.238,.768,.594);es="Linear";ed="In";};["Right Arm"]={cf=cfr(.291,-.169,.112,.603,-.763,.232,.672,.643,.367,-.429,-.065,.901);es="Linear";ed="In";};["Head"]={cf=cfr(0,0,.018,.963,.268,-.021,-.268,.963,.001,.02,.005,1);es="Linear";ed="In";};};{tm=1.1;["Torso"]={cf=cfr(.033,-.085,-.314,.989,.135,.057,-.134,.991,-.012,-.058,.004,.998);es="Linear";ed="In";};["Left Leg"]={cf=cfr(-.627,.161,.12,.789,-.572,.224,.526,.817,.235,-.317,-.068,.946);es="Linear";ed="In";};["Right Leg"]={cf=cfr(.681,.312,-.117,.98,.166,.11,-.178,.979,.105,-.09,-.122,.988);es="Linear";ed="In";};["Left Arm"]={cf=cfr(-.433,-.426,-.318,-.403,.216,-.889,-.915,-.083,.394,.012,.973,.231);es="Linear";ed="In";};["Right Arm"]={cf=cfr(.359,-.237,.102,.343,-.839,.423,.695,.529,.486,-.632,.127,.765);es="Linear";ed="In";};["Head"]={cf=cfr(0,0,.018,.912,.411,-.02,-.409,.911,.049,.038,-.037,.999);es="Linear";ed="In";};};{tm=1.133;["Torso"]={cf=cfr(.037,-.049,-.328,.989,.136,.052,-.134,.99,-.046,-.058,.038,.998);es="Linear";ed="In";};["Left Leg"]={cf=cfr(-.654,.221,.107,.827,-.519,.217,.478,.851,.217,-.297,-.076,.952);es="Linear";ed="In";};["Right Leg"]={cf=cfr(.648,.363,-.113,.992,.086,.097,-.097,.989,.112,-.086,-.12,.989);es="Linear";ed="In";};["Left Arm"]={cf=cfr(-.465,-.469,-.323,-.583,-.01,-.812,-.798,-.179,.576,-.151,.984,.096);es="Linear";ed="In";};["Right Arm"]={cf=cfr(.378,-.322,.088,.167,-.836,.524,.656,.491,.574,-.737,.248,.63);es="Linear";ed="In";};["Head"]={cf=cfr(0,0,.018,.868,.496,-.019,-.493,.867,.078,.056,-.059,.997);es="Linear";ed="In";};};{tm=1.167;["Torso"]={cf=cfr(.038,-.027,-.344,.989,.138,.049,-.134,.989,-.07,-.058,.062,.996);es="Linear";ed="In";};["Left Leg"]={cf=cfr(-.668,.268,.1,.849,-.484,.215,.444,.872,.207,-.287,-.081,.954);es="Linear";ed="In";};["Right Leg"]={cf=cfr(.627,.401,-.112,.995,.034,.088,-.045,.992,.116,-.084,-.12,.989);es="Linear";ed="In";};["Left Arm"]={cf=cfr(-.533,-.495,-.317,-.709,-.083,-.7,-.676,-.204,.709,-.202,.976,.088);es="Linear";ed="In";};["Right Arm"]={cf=cfr(.34,-.425,.062,.055,-.815,.576,.598,.489,.635,-.8,.31,.514);es="Linear";ed="In";};["Head"]={cf=cfr(0,0,.018,.841,.54,-.021,-.536,.839,.094,.068,-.068,.995);es="Linear";ed="In";};};{tm=1.2;["Torso"]={cf=cfr(.039,-.011,-.366,.989,.139,.046,-.134,.987,-.089,-.058,.082,.995);es="Linear";ed="In";};["Left Leg"]={cf=cfr(-.68,.312,.095,.863,-.456,.215,.418,.886,.201,-.283,-.084,.956);es="Linear";ed="In";};["Right Leg"]={cf=cfr(.613,.438,-.112,.997,-.005,.081,-.005,.993,.12,-.081,-.12,.989);es="Linear";ed="In";};["Left Arm"]={cf=cfr(-.639,-.519,-.308,-.842,-.068,-.535,-.516,-.187,.836,-.157,.98,.123);es="Linear";ed="In";};["Right Arm"]={cf=cfr(.241,-.55,.017,-.037,-.803,.594,.531,.488,.693,-.847,.341,.408);es="Linear";ed="In";};["Head"]={cf=cfr(0,0,.018,.824,.566,-.023,-.561,.821,.102,.077,-.071,.994);es="Linear";ed="In";};};{tm=1.233;["Torso"]={cf=cfr(.039,-.002,-.387,.989,.139,.044,-.134,.986,-.103,-.058,.096,.994);es="Linear";ed="In";};["Left Leg"]={cf=cfr(-.689,.347,.093,.871,-.44,.218,.402,.894,.198,-.282,-.085,.956);es="Linear";ed="In";};["Right Leg"]={cf=cfr(.607,.469,-.113,.997,-.028,.075,.019,.992,.122,-.078,-.121,.99);es="Linear";ed="In";};["Left Arm"]={cf=cfr(-.755,-.535,-.296,-.938,.015,-.347,-.345,-.165,.924,-.043,.986,.16);es="Linear";ed="In";};["Right Arm"]={cf=cfr(.117,-.683,-.034,-.107,-.803,.586,.466,.48,.743,-.878,.353,.323);es="Linear";ed="In";};["Head"]={cf=cfr(0,0,.018,.815,.578,-.025,-.573,.813,.105,.081,-.071,.994);es="Linear";ed="In";};};{tm=1.267;["Torso"]={cf=cfr(.039,.001,-.401,.989,.139,.043,-.134,.985,-.109,-.058,.103,.993);es="Linear";ed="In";};["Left Leg"]={cf=cfr(-.695,.367,.092,.874,-.434,.22,.396,.897,.197,-.283,-.085,.955);es="Linear";ed="In";};["Right Leg"]={cf=cfr(.605,.487,-.114,.997,-.038,.072,.029,.992,.124,-.076,-.121,.99);es="Linear";ed="In";};["Left Arm"]={cf=cfr(-.839,-.54,-.285,-.974,.101,-.205,-.219,-.156,.963,.066,.983,.174);es="Linear";ed="In";};["Right Arm"]={cf=cfr(.021,-.8,-.075,-.165,-.809,.565,.417,.462,.783,-.894,.365,.261);es="Linear";ed="In";};["Head"]={cf=cfr(0,0,.018,.809,.587,-.025,-.582,.807,.103,.081,-.069,.994);es="Linear";ed="In";};};{tm=1.3;["Torso"]={cf=cfr(.039,.002,-.406,.989,.14,.043,-.134,.985,-.111,-.058,.104,.993);es="Linear";ed="In";};["Left Leg"]={cf=cfr(-.696,.372,.092,.874,-.433,.221,.395,.897,.197,-.283,-.085,.955);es="Linear";ed="In";};["Right Leg"]={cf=cfr(.605,.493,-.115,.997,-.04,.071,.031,.992,.124,-.075,-.121,.99);es="Linear";ed="In";};["Left Arm"]={cf=cfr(-.868,-.541,-.28,-.979,.135,-.156,-.176,-.155,.972,.107,.979,.175);es="Linear";ed="In";};["Right Arm"]={cf=cfr(-.013,-.891,-.094,-.224,-.81,.541,.387,.436,.813,-.894,.392,.216);es="Linear";ed="In";};["Head"]={cf=cfr(0,0,.018,.799,.601,-.023,-.596,.797,.102,.079,-.068,.995);es="Linear";ed="In";};};{tm=1.333;["Torso"]={cf=cfr(.038,-.011,-.398,.989,.139,.044,-.134,.986,-.102,-.058,.095,.994);es="Linear";ed="In";};["Left Leg"]={cf=cfr(-.695,.349,.097,.864,-.451,.223,.412,.889,.201,-.288,-.082,.954);es="Linear";ed="In";};["Right Leg"]={cf=cfr(.619,.479,-.115,.997,-.015,.075,.006,.992,.122,-.076,-.122,.99);es="Linear";ed="In";};["Left Arm"]={cf=cfr(-.865,-.54,-.281,-.977,.119,-.177,-.195,-.16,.968,.087,.98,.179);es="Linear";ed="In";};["Right Arm"]={cf=cfr(-.001,-.963,-.102,-.314,-.785,.535,.398,.402,.824,-.862,.472,.186);es="Linear";ed="In";};["Head"]={cf=cfr(0,0,.018,.785,.62,-.014,-.616,.782,.097,.071,-.067,.995);es="Linear";ed="In";};};{tm=1.367;["Torso"]={cf=cfr(.034,-.048,-.376,.989,.138,.048,-.134,.988,-.073,-.058,.066,.996);es="Linear";ed="In";};["Left Leg"]={cf=cfr(-.685,.281,.111,.833,-.504,.228,.462,.861,.214,-.304,-.073,.95);es="Linear";ed="In";};["Right Leg"]={cf=cfr(.657,.432,-.117,.995,.058,.086,-.068,.991,.117,-.078,-.123,.989);es="Linear";ed="In";};["Left Arm"]={cf=cfr(-.858,-.538,-.281,-.966,.082,-.245,-.256,-.172,.951,.036,.982,.188);es="Linear";ed="In";};["Right Arm"]={cf=cfr(.032,-1.022,-.105,-.448,-.699,.557,.469,.347,.813,-.761,.625,.172);es="Linear";ed="In";};["Head"]={cf=cfr(0,0,.018,.768,.64,.002,-.638,.766,.083,.051,-.065,.997);es="Linear";ed="In";};};{tm=1.4;["Torso"]={cf=cfr(.028,-.101,-.347,.989,.136,.054,-.134,.99,-.032,-.058,.024,.998);es="Linear";ed="In";};["Left Leg"]={cf=cfr(-.649,.192,.129,.787,-.57,.238,.522,.819,.236,-.33,-.062,.942);es="Linear";ed="In";};["Right Leg"]={cf=cfr(.701,.355,-.121,.982,.16,.104,-.171,.979,.108,-.084,-.124,.989);es="Linear";ed="In";};["Left Arm"]={cf=cfr(-.852,-.535,-.281,-.937,.054,-.346,-.349,-.186,.918,-.015,.981,.193);es="Linear";ed="In";};["Right Arm"]={cf=cfr(.08,-1.053,-.093,-.578,-.565,.589,.562,.248,.789,-.592,.787,.174);es="Linear";ed="In";};["Head"]={cf=cfr(0,0,.018,.754,.657,.022,-.657,.752,.061,.023,-.061,.998);es="Linear";ed="In";};};{tm=1.433;["Torso"]={cf=cfr(.023,-.154,-.32,.989,.133,.059,-.134,.991,.01,-.058,-.018,.998);es="Linear";ed="In";};["Left Leg"]={cf=cfr(-.59,.117,.144,.739,-.626,.25,.57,.778,.262,-.359,-.051,.932);es="Linear";ed="In";};["Right Leg"]={cf=cfr(.732,.271,-.125,.959,.255,.123,-.268,.959,.097,-.093,-.126,.988);es="Linear";ed="In";};["Left Arm"]={cf=cfr(-.855,-.535,-.281,-.891,.068,-.45,-.454,-.185,.871,-.024,.98,.196);es="Linear";ed="In";};["Right Arm"]={cf=cfr(.134,-1.057,-.059,-.658,-.45,.603,.621,.127,.773,-.425,.884,.196);es="Linear";ed="In";};["Head"]={cf=cfr(0,0,.018,.744,.666,.04,-.668,.744,.038,-.004,-.055,.998);es="Linear";ed="In";};};{tm=1.467;["Torso"]={cf=cfr(.019,-.193,-.303,.989,.131,.064,-.134,.99,.042,-.058,-.05,.997);es="Linear";ed="In";};["Left Leg"]={cf=cfr(-.532,.074,.151,.703,-.661,.262,.598,.749,.286,-.385,-.045,.922);es="Linear";ed="In";};["Right Leg"]={cf=cfr(.746,.205,-.129,.936,.323,.139,-.337,.938,.087,-.102,-.128,.987);es="Linear";ed="In";};["Left Arm"]={cf=cfr(-.868,-.541,-.28,-.836,.135,-.532,-.548,-.155,.822,.029,.979,.204);es="Linear";ed="In";};["Right Arm"]={cf=cfr(.188,-1.045,-.012,-.701,-.413,.582,.63,.025,.776,-.335,.91,.243);es="Linear";ed="In";};["Head"]={cf=cfr(0,0,.018,.742,.669,.05,-.67,.742,.019,-.024,-.048,.999);es="Linear";ed="In";};};{tm=1.5;["Torso"]={cf=cfr(.015,-.224,-.293,.989,.13,.067,-.134,.989,.068,-.058,-.077,.995);es="Linear";ed="In";};["Left Leg"]={cf=cfr(-.477,.05,.156,.672,-.688,.274,.616,.725,.309,-.411,-.039,.911);es="Linear";ed="In";};["Right Leg"]={cf=cfr(.755,.151,-.133,.913,.378,.152,-.392,.917,.077,-.111,-.13,.985);es="Linear";ed="In";};["Left Arm"]={cf=cfr(-.891,-.55,-.246,-.624,.423,-.657,-.667,.15,.73,.407,.894,.189);es="Linear";ed="In";};["Right Arm"]={cf=cfr(.261,-.974,.075,-.693,-.546,.47,.676,-.268,.686,-.249,.794,.555);es="Linear";ed="In";};["Head"]={cf=cfr(0,0,.018,.743,.667,.056,-.668,.744,.001,-.042,-.038,.998);es="Linear";ed="In";};};{tm=1.533;["Torso"]={cf=cfr(.011,-.254,-.286,.989,.128,.071,-.134,.986,.096,-.058,-.105,.993);es="Linear";ed="In";};["Left Leg"]={cf=cfr(-.415,.036,.159,.638,-.713,.29,.629,.7,.338,-.444,-.033,.895);es="Linear";ed="In";};["Right Leg"]={cf=cfr(.761,.096,-.139,.886,.432,.167,-.447,.892,.065,-.121,-.132,.984);es="Linear";ed="In";};["Left Arm"]={cf=cfr(-.805,-.45,-.194,-.427,.419,-.802,-.769,.299,.565,.477,.857,.194);es="Linear";ed="In";};["Right Arm"]={cf=cfr(.271,-.901,.149,-.8,-.385,.461,.599,-.46,.655,-.04,.8,.599);es="Linear";ed="In";};["Head"]={cf=cfr(0,0,.018,.745,.664,.062,-.664,.747,-.022,-.061,-.025,.998);es="Linear";ed="In";};};{tm=1.567;["Torso"]={cf=cfr(.008,-.28,-.283,.989,.126,.074,-.134,.984,.12,-.058,-.129,.99);es="Linear";ed="In";};["Left Leg"]={cf=cfr(-.357,.034,.158,.608,-.732,.307,.634,.681,.367,-.478,-.029,.878);es="Linear";ed="In";};["Right Leg"]={cf=cfr(.764,.05,-.145,.861,.476,.181,-.492,.869,.053,-.132,-.135,.982);es="Linear";ed="In";};["Left Arm"]={cf=cfr(-.683,-.311,-.135,-.24,.336,-.911,-.831,.415,.371,.503,.846,.179);es="Linear";ed="In";};["Right Arm"]={cf=cfr(.137,-.86,-.046,-.568,-.776,.273,.678,-.253,.69,-.466,.577,.671);es="Linear";ed="In";};["Head"]={cf=cfr(0,0,.018,.748,.661,.065,-.66,.75,-.043,-.078,-.011,.997);es="Linear";ed="In";};};{tm=1.6;["Torso"]={cf=cfr(.006,-.295,-.283,.989,.125,.076,-.134,.982,.135,-.058,-.144,.988);es="Linear";ed="In";};["Left Leg"]={cf=cfr(-.32,.037,.157,.589,-.743,.319,.634,.669,.388,-.502,-.026,.865);es="Linear";ed="In";};["Right Leg"]={cf=cfr(.766,.022,-.15,.843,.503,.19,-.519,.853,.046,-.139,-.137,.981);es="Linear";ed="In";};["Left Arm"]={cf=cfr(-.551,-.16,-.077,-.072,.218,-.973,-.856,.487,.172,.511,.846,.152);es="Linear";ed="In";};["Right Arm"]={cf=cfr(.43,-.868,.358,-.346,-.863,-.369,-.46,-.187,.868,-.818,.47,-.332);es="Linear";ed="In";};["Head"]={cf=cfr(0,0,.018,.75,.658,.067,-.656,.753,-.058,-.088,-.001,.996);es="Linear";ed="In";};};{tm=1.633;["Torso"]={cf=cfr(.005,-.299,-.283,.989,.124,.076,-.134,.981,.14,-.058,-.148,.987);es="Linear";ed="In";};["Left Leg"]={cf=cfr(-.308,.039,.156,.582,-.746,.323,.633,.665,.395,-.51,-.025,.86);es="Linear";ed="In";};["Right Leg"]={cf=cfr(.766,.013,-.151,.838,.511,.192,-.528,.848,.043,-.141,-.138,.98);es="Linear";ed="In";};["Left Arm"]={cf=cfr(-.502,-.099,-.056,-.003,.176,-.984,-.863,.497,.092,.506,.849,.151);es="Linear";ed="In";};["Right Arm"]={cf=cfr(.46,-.855,.428,-.199,-.951,-.237,-.375,-.15,.915,-.906,.271,-.326);es="Linear";ed="In";};["Head"]={cf=cfr(0,0,.018,.751,.657,.067,-.654,.754,-.062,-.091,.003,.996);es="Linear";ed="In";};};{tm=1.667;["Torso"]={cf=cfr(.008,-.271,-.301,.989,.125,.076,-.134,.982,.133,-.058,-.142,.988);es="Linear";ed="In";};["Left Leg"]={cf=cfr(-.365,.033,.17,.583,-.749,.314,.645,.662,.382,-.494,-.02,.869);es="Linear";ed="In";};["Right Leg"]={cf=cfr(.785,.043,-.149,.847,.5,.181,-.515,.855,.051,-.129,-.137,.982);es="Linear";ed="In";};["Left Arm"]={cf=cfr(-.549,-.115,-.078,-.044,.218,-.975,-.891,.434,.137,.453,.874,.176);es="Linear";ed="In";};["Right Arm"]={cf=cfr(.537,-.764,.406,-.171,-.985,-.014,-.259,.032,.965,-.95,.169,-.261);es="Linear";ed="In";};["Head"]={cf=cfr(0,0,.018,.75,.658,.062,-.655,.753,-.062,-.087,.006,.996);es="Linear";ed="In";};};{tm=1.7;["Torso"]={cf=cfr(.016,-.191,-.351,.989,.126,.073,-.134,.984,.115,-.058,-.124,.991);es="Linear";ed="In";};["Left Leg"]={cf=cfr(-.506,.043,.19,.595,-.749,.292,.662,.662,.351,-.456,-.016,.89);es="Linear";ed="In";};["Right Leg"]={cf=cfr(.823,.135,-.142,.876,.458,.153,-.472,.879,.071,-.102,-.135,.986);es="Linear";ed="In";};["Left Arm"]={cf=cfr(-.675,-.16,-.136,-.203,.299,-.932,-.926,.252,.282,.319,.92,.226);es="Linear";ed="In";};["Right Arm"]={cf=cfr(.663,-.571,.299,-.157,-.922,.355,-.112,.373,.921,-.981,.105,-.162);es="Linear";ed="In";};["Head"]={cf=cfr(0,0,.018,.75,.66,.049,-.657,.751,-.061,-.077,.014,.997);es="Linear";ed="In";};};{tm=1.733;["Torso"]={cf=cfr(.026,-.089,-.416,.989,.128,.07,-.134,.987,.092,-.058,-.1,.993);es="Linear";ed="In";};["Left Leg"]={cf=cfr(-.649,.1,.188,.627,-.731,.27,.659,.682,.318,-.416,-.022,.909);es="Linear";ed="In";};["Right Leg"]={cf=cfr(.84,.263,-.136,.914,.387,.123,-.399,.912,.091,-.077,-.132,.988);es="Linear";ed="In";};["Left Arm"]={cf=cfr(-.827,-.214,-.201,-.424,.354,-.834,-.891,.003,.454,.163,.935,.314);es="Linear";ed="In";};["Right Arm"]={cf=cfr(.774,-.333,.142,-.119,-.662,.74,.063,.739,.671,-.991,.126,-.046);es="Linear";ed="In";};["Head"]={cf=cfr(0,0,.018,.749,.662,.032,-.66,.749,-.061,-.064,.024,.998);es="Linear";ed="In";};};{tm=1.767;["Torso"]={cf=cfr(.034,-.009,-.467,.989,.129,.068,-.134,.988,.074,-.058,-.082,.995);es="Linear";ed="In";};["Left Leg"]={cf=cfr(-.734,.174,.172,.662,-.704,.256,.64,.709,.297,-.391,-.033,.92);es="Linear";ed="In";};["Right Leg"]={cf=cfr(.831,.366,-.133,.942,.32,.103,-.33,.938,.103,-.064,-.131,.989);es="Linear";ed="In";};["Left Arm"]={cf=cfr(-.94,-.258,-.246,-.592,.365,-.719,-.802,-.183,.568,.075,.913,.401);es="Linear";ed="In";};["Right Arm"]={cf=cfr(.829,-.134,.003,-.058,-.323,.945,.223,.918,.328,-.973,.23,.019);es="Linear";ed="In";};["Head"]={cf=cfr(0,0,.018,.748,.663,.018,-.661,.748,-.06,-.053,.033,.998);es="Linear";ed="In";};};{tm=1.8;["Torso"]={cf=cfr(.037,.019,-.486,.989,.13,.067,-.134,.989,.067,-.058,-.075,.995);es="Linear";ed="In";};["Left Leg"]={cf=cfr(-.758,.206,.165,.676,-.692,.252,.629,.721,.29,-.382,-.038,.923);es="Linear";ed="In";};["Right Leg"]={cf=cfr(.823,.401,-.133,.951,.293,.097,-.303,.947,.107,-.06,-.131,.99);es="Linear";ed="In";};["Left Arm"]={cf=cfr(-.982,-.275,-.259,-.659,.382,-.647,-.748,-.24,.619,.081,.892,.444);es="Linear";ed="In";};["Right Arm"]={cf=cfr(.829,-.055,-.064,-.018,-.107,.994,.354,.929,.107,-.935,.354,.021);es="Linear";ed="In";};["Head"]={cf=cfr(0,0,.018,.748,.664,.01,-.662,.747,-.059,-.047,.037,.998);es="Linear";ed="In";};};{tm=1.833;["Torso"]={cf=cfr(.035,.004,-.473,.989,.129,.068,-.134,.988,.077,-.058,-.085,.995);es="Linear";ed="In";};["Left Leg"]={cf=cfr(-.741,.178,.17,.662,-.705,.253,.64,.708,.297,-.389,-.034,.921);es="Linear";ed="In";};["Right Leg"]={cf=cfr(.831,.371,-.133,.943,.318,.102,-.328,.939,.103,-.063,-.131,.989);es="Linear";ed="In";};["Left Arm"]={cf=cfr(-.935,-.271,-.251,-.686,.423,-.592,-.709,-.205,.675,.164,.883,.44);es="Linear";ed="In";};["Right Arm"]={cf=cfr(.775,-.094,-.103,-.016,-.086,.996,.56,.824,.08,-.828,.559,.035);es="Linear";ed="In";};["Head"]={cf=cfr(0,0,.018,.749,.663,.007,-.661,.747,-.074,-.054,.051,.997);es="Linear";ed="In";};};{tm=1.867;["Torso"]={cf=cfr(.031,-.041,-.437,.989,.127,.072,-.134,.985,.104,-.058,-.113,.992);es="Linear";ed="In";};["Left Leg"]={cf=cfr(-.685,.111,.184,.626,-.736,.259,.666,.676,.315,-.407,-.025,.913);es="Linear";ed="In";};["Right Leg"]={cf=cfr(.846,.284,-.135,.917,.382,.117,-.393,.915,.093,-.072,-.132,.989);es="Linear";ed="In";};["Left Arm"]={cf=cfr(-.798,-.257,-.235,-.699,.469,-.541,-.658,-.125,.743,.28,.875,.395);es="Linear";ed="In";};["Right Arm"]={cf=cfr(.674,-.195,-.152,-.1,-.244,.965,.826,.52,.217,-.554,.819,.15);es="Linear";ed="In";};["Head"]={cf=cfr(0,0,.018,.751,.661,.003,-.656,.746,-.118,-.081,.087,.993);es="Linear";ed="In";};};{tm=1.9;["Torso"]={cf=cfr(.026,-.098,-.392,.989,.124,.076,-.134,.981,.139,-.058,-.148,.987);es="Linear";ed="In";};["Left Leg"]={cf=cfr(-.592,.046,.192,.585,-.766,.267,.686,.642,.343,-.434,-.017,.901);es="Linear";ed="In";};["Right Leg"]={cf=cfr(.845,.172,-.139,.879,.456,.139,-.468,.88,.078,-.087,-.133,.987);es="Linear";ed="In";};["Left Arm"]={cf=cfr(-.66,-.244,-.218,-.667,.502,-.55,-.653,-.04,.756,.358,.864,.354);es="Linear";ed="In";};["Right Arm"]={cf=cfr(.571,-.287,-.167,-.241,-.378,.894,.926,.185,.328,-.29,.907,.305);es="Linear";ed="In";};["Head"]={cf=cfr(0,0,.018,.755,.655,0,-.645,.744,-.175,-.115,.133,.985);es="Linear";ed="In";};};{tm=1.933;["Torso"]={cf=cfr(.022,-.143,-.357,.989,.122,.08,-.134,.977,.166,-.058,-.175,.983);es="Linear";ed="In";};["Left Leg"]={cf=cfr(-.504,.016,.19,.559,-.782,.275,.691,.623,.367,-.458,-.015,.889);es="Linear";ed="In";};["Right Leg"]={cf=cfr(.829,.088,-.143,.849,.505,.157,-.519,.853,.063,-.103,-.135,.986);es="Linear";ed="In";};["Left Arm"]={cf=cfr(-.573,-.25,-.182,-.377,.663,-.647,-.802,.116,.587,.464,.74,.488);es="Linear";ed="In";};["Right Arm"]={cf=cfr(.474,-.38,-.164,-.344,-.43,.835,.925,-.005,.379,-.159,.903,.4);es="Linear";ed="In";};["Head"]={cf=cfr(0,0,.018,.762,.647,-.003,-.632,.743,-.219,-.139,.169,.976);es="Linear";ed="In";};};{tm=1.967;["Torso"]={cf=cfr(.021,-.158,-.345,.989,.121,.081,-.134,.975,.176,-.058,-.185,.981);es="Linear";ed="In";};["Left Leg"]={cf=cfr(-.469,.01,.186,.552,-.787,.278,.691,.617,.376,-.467,-.016,.884);es="Linear";ed="In";};["Right Leg"]={cf=cfr(.82,.06,-.144,.838,.521,.164,-.535,.843,.057,-.109,-.135,.985);es="Linear";ed="In";};["Left Arm"]={cf=cfr(-.501,-.287,-.172,-.116,.595,-.795,-.845,.362,.394,.523,.718,.46);es="Linear";ed="In";};["Right Arm"]={cf=cfr(.428,-.398,-.153,-.458,-.462,.759,.889,-.239,.39,.002,.854,.521);es="Linear";ed="In";};["Head"]={cf=cfr(0,0,.018,.769,.639,-.006,-.623,.747,-.233,-.144,.183,.972);es="Linear";ed="In";};};{tm=2;["Torso"]={cf=cfr(.021,-.154,-.347,.989,.122,.08,-.134,.977,.167,-.058,-.176,.983);es="Linear";ed="In";};["Left Leg"]={cf=cfr(-.485,.013,.186,.561,-.781,.276,.688,.625,.368,-.46,-.017,.888);es="Linear";ed="In";};["Right Leg"]={cf=cfr(.821,.076,-.143,.847,.507,.161,-.521,.851,.06,-.106,-.135,.985);es="Linear";ed="In";};["Left Arm"]={cf=cfr(-.45,-.29,-.192,-.207,.285,-.936,-.94,.207,.27,.271,.936,.225);es="Linear";ed="In";};["Right Arm"]={cf=cfr(.426,-.386,-.109,-.399,-.688,.606,.912,-.23,.34,-.094,.688,.719);es="Linear";ed="In";};["Head"]={cf=cfr(0,0,.018,.815,.58,-.007,-.568,.795,-.215,-.119,.18,.977);es="Linear";ed="In";};};{tm=2.033;["Torso"]={cf=cfr(.023,-.141,-.353,.989,.124,.076,-.134,.981,.139,-.058,-.148,.987);es="Linear";ed="In";};["Left Leg"]={cf=cfr(-.529,.029,.183,.591,-.76,.27,.677,.649,.346,-.438,-.022,.899);es="Linear";ed="In";};["Right Leg"]={cf=cfr(.819,.127,-.139,.873,.465,.15,-.478,.875,.07,-.099,-.133,.986);es="Linear";ed="In";};["Left Arm"]={cf=cfr(-.458,-.349,-.17,-.26,.196,-.945,-.959,.06,.276,.111,.979,.173);es="Linear";ed="In";};["Right Arm"]={cf=cfr(.422,-.369,-.039,-.277,-.874,.4,.922,-.124,.366,-.271,.47,.84);es="Linear";ed="In";};["Head"]={cf=cfr(0,0,.018,.916,.401,-.009,-.396,.