-- // converted using mech's animoduler
local cfr = CFrame.new

return {{tm=0;["Torso"]={cf=cfr(.342,.127,.077,.822,-.553,.132,.569,.808,-.154,-.022,.202,.979);es="Linear";ed="In";};["Left Leg"]={cf=cfr(-.155,.027,-.001,.867,.493,.08,-.499,.858,.121,-.009,-.145,.989);es="Linear";ed="In";};["Right Arm"]={cf=cfr(-.247,-.473,.495,.113,-.792,.6,.281,.604,.746,-.953,.084,.291);es="Linear";ed="In";};["Head"]={cf=cfr(0,0,0,.989,-.032,.141,.085,.918,-.388,-.118,.396,.911);es="Linear";ed="In";};["Right Leg"]={cf=cfr(.737,.171,.015,.998,-.018,.059,.018,1,-.005,-.059,.006,.998);es="Linear";ed="In";};["Left Arm"]={cf=cfr(-.775,-.426,.515,-.834,.329,.444,.104,-.696,.711,.543,.639,.546);es="Linear";ed="In";};};{tm=.033;["Torso"]={cf=cfr(.376,.123,.07,.802,-.584,.125,.597,.788,-.151,-.011,.195,.981);es="Linear";ed="In";};["Left Leg"]={cf=cfr(-.239,.045,.021,.894,.445,.044,-.447,.89,.091,.002,-.101,.995);es="Linear";ed="In";};["Right Arm"]={cf=cfr(-.29,-.478,.527,.112,-.799,.591,.27,.597,.756,-.956,.075,.282);es="Linear";ed="In";};["Head"]={cf=cfr(0,0,0,.99,-.025,.141,.08,.912,-.402,-.119,.409,.905);es="Linear";ed="In";};["Right Leg"]={cf=cfr(.721,.162,.063,.999,.036,-.006,-.036,.999,.001,.006,-.001,1);es="Linear";ed="In";};["Left Arm"]={cf=cfr(-.757,-.466,.524,-.822,.365,.438,.079,-.688,.721,.564,.627,.537);es="Linear";ed="In";};};{tm=.067;["Torso"]={cf=cfr(.418,.106,.089,.785,-.604,.135,.619,.77,-.154,-.011,.204,.979);es="Linear";ed="In";};["Left Leg"]={cf=cfr(-.313,.072,.031,.915,.403,.016,-.403,.912,.077,.016,-.077,.997);es="Linear";ed="In";};["Right Arm"]={cf=cfr(-.326,-.485,.516,.153,-.799,.582,.274,.6,.752,-.949,.044,.311);es="Linear";ed="In";};["Head"]={cf=cfr(0,0,0,.99,-.01,.144,.071,.902,-.427,-.126,.432,.893);es="Linear";ed="In";};["Right Leg"]={cf=cfr(.65,.129,.078,.999,.024,-.038,-.024,1,0,.038,.001,.999);es="Linear";ed="In";};["Left Arm"]={cf=cfr(-.751,-.505,.556,-.809,.375,.453,.087,-.685,.723,.581,.624,.522);es="Linear";ed="In";};};{tm=.1;["Torso"]={cf=cfr(.486,.086,.134,.752,-.636,.175,.659,.736,-.157,-.029,.233,.972);es="Linear";ed="In";};["Left Leg"]={cf=cfr(-.437,.145,.033,.937,.348,-.027,-.345,.935,.083,.054,-.068,.996);es="Linear";ed="In";};["Right Arm"]={cf=cfr(-.375,-.494,.495,.208,-.799,.564,.29,.601,.745,-.934,.008,.357);es="Linear";ed="In";};["Head"]={cf=cfr(0,0,0,.99,0,.141,.059,.909,-.413,-.128,.417,.9);es="Linear";ed="In";};["Right Leg"]={cf=cfr(.53,.071,.071,.997,-.034,-.067,.033,.999,-.017,.067,.015,.998);es="Linear";ed="In";};["Left Arm"]={cf=cfr(-.7,-.574,.603,-.767,.442,.466,.061,-.671,.738,.639,.595,.488);es="Linear";ed="In";};};{tm=.133;["Torso"]={cf=cfr(.56,.048,.177,.727,-.655,.207,.686,.707,-.173,-.033,.268,.963);es="Linear";ed="In";};["Left Leg"]={cf=cfr(-.505,.176,.026,.943,.325,-.067,-.32,.944,.078,.088,-.053,.995);es="Linear";ed="In";};["Right Arm"]={cf=cfr(-.408,-.504,.493,.231,-.812,.535,.297,.583,.756,-.926,-.015,.376);es="Linear";ed="In";};["Head"]={cf=cfr(0,0,0,.993,.01,.117,.038,.914,-.404,-.111,.406,.907);es="Linear";ed="In";};["Right Leg"]={cf=cfr(.442,.035,.063,.993,-.076,-.086,.074,.997,-.026,.088,.019,.996);es="Linear";ed="In";};["Left Arm"]={cf=cfr(-.493,-.69,.702,-.649,.64,.411,-.037,-.566,.824,.76,.52,.391);es="Linear";ed="In";};};{tm=.167;["Torso"]={cf=cfr(.593,.023,.195,.719,-.664,.205,.695,.692,-.194,-.013,.282,.959);es="Linear";ed="In";};["Left Leg"]={cf=cfr(-.553,.168,0,.944,.314,-.105,-.308,.949,.068,.121,-.032,.992);es="Linear";ed="In";};["Right Arm"]={cf=cfr(-.413,-.476,.512,.25,-.815,.522,.263,.577,.774,-.932,-.056,.359);es="Linear";ed="In";};["Head"]={cf=cfr(0,0,0,.995,.039,.092,.003,.91,-.415,-.1,.413,.905);es="Linear";ed="In";};["Right Leg"]={cf=cfr(.421,.042,.077,.993,-.059,-.104,.058,.998,-.016,.105,.01,.994);es="Linear";ed="In";};["Left Arm"]={cf=cfr(-.269,-.789,.754,-.538,.774,.333,-.126,-.464,.877,.833,.43,.347);es="Linear";ed="In";};};{tm=.2;["Torso"]={cf=cfr(.65,-.007,.197,.708,-.669,.224,.706,.677,-.21,-.011,.307,.952);es="Linear";ed="In";};["Left Leg"]={cf=cfr(-.578,.177,-.003,.931,.332,-.153,-.325,.943,.071,.168,-.017,.986);es="Linear";ed="In";};["Right Arm"]={cf=cfr(-.426,-.415,.561,.237,-.796,.556,.204,.601,.773,-.95,-.07,.305);es="Linear";ed="In";};["Head"]={cf=cfr(0,0,0,.997,.057,.043,-.037,.926,-.375,-.061,.372,.926);es="Linear";ed="In";};["Right Leg"]={cf=cfr(.483,.04,.119,.988,.027,-.151,-.031,.999,-.028,.15,.032,.988);es="Linear";ed="In";};["Left Arm"]={cf=cfr(.207,-.823,.764,-.289,.956,.051,-.262,-.13,.956,.921,.263,.288);es="Linear";ed="In";};};{tm=.233;["Torso"]={cf=cfr(.719,-.029,.187,.697,-.673,.247,.716,.665,-.212,-.021,.325,.946);es="Linear";ed="In";};["Left Leg"]={cf=cfr(-.58,.18,.007,.925,.344,-.161,-.337,.939,.067,.174,-.007,.985);es="Linear";ed="In";};["Right Arm"]={cf=cfr(-.425,-.364,.563,.263,-.778,.57,.199,.622,.757,-.944,-.085,.318);es="Linear";ed="In";};["Head"]={cf=cfr(0,0,0,.998,.07,-.005,-.067,.932,-.357,-.021,.356,.934);es="Linear";ed="In";};["Right Leg"]={cf=cfr(.613,.035,.165,.968,.174,-.179,-.181,.983,-.023,.172,.055,.984);es="Linear";ed="In";};["Left Arm"]={cf=cfr(.55,-.701,.631,-.005,.966,-.257,-.385,.235,.892,.923,.103,.371);es="Linear";ed="In";};};{tm=.267;["Torso"]={cf=cfr(.775,-.04,.165,.655,-.709,.262,.755,.626,-.193,-.027,.325,.945);es="Linear";ed="In";};["Left Leg"]={cf=cfr(-.635,.205,.002,.935,.304,-.18,-.301,.953,.047,.186,.01,.983);es="Linear";ed="In";};["Right Arm"]={cf=cfr(-.424,-.349,.509,.339,-.748,.57,.218,.652,.726,-.915,-.122,.384);es="Linear";ed="In";};["Head"]={cf=cfr(0,0,0,.996,.077,-.037,-.085,.94,-.331,.009,.333,.943);es="Linear";ed="In";};["Right Leg"]={cf=cfr(.683,-.003,.161,.926,.319,-.202,-.318,.947,.037,.203,.03,.979);es="Linear";ed="In";};["Left Arm"]={cf=cfr(.695,-.524,.492,.26,.836,-.483,-.399,.549,.734,.879,.002,.476);es="Linear";ed="In";};};{tm=.3;["Torso"]={cf=cfr(.813,-.058,.109,.581,-.769,.265,.814,.553,-.179,-.009,.32,.947);es="Linear";ed="In";};["Left Leg"]={cf=cfr(-.762,.249,-.038,.945,.228,-.235,-.232,.973,.012,.231,.043,.972);es="Linear";ed="In";};["Right Arm"]={cf=cfr(-.462,-.38,.458,.404,-.73,.551,.219,.662,.716,-.888,-.168,.427);es="Linear";ed="In";};["Head"]={cf=cfr(0,0,0,.996,.08,-.051,-.091,.95,-.299,.025,.302,.953);es="Linear";ed="In";};["Right Leg"]={cf=cfr(.701,-.045,.167,.866,.45,-.219,-.435,.893,.112,.246,-.002,.969);es="Linear";ed="In";};["Left Arm"]={cf=cfr(.747,-.395,.428,.394,.693,-.604,-.363,.721,.591,.845,-.014,.535);es="Linear";ed="In";};};{tm=.333;["Torso"]={cf=cfr(.826,-.065,.068,.561,-.786,.258,.827,.536,-.168,-.006,.308,.951);es="Linear";ed="In";};["Left Leg"]={cf=cfr(-.829,.271,-.054,.955,.166,-.246,-.172,.985,-.006,.241,.048,.969);es="Linear";ed="In";};["Right Arm"]={cf=cfr(-.47,-.402,.406,.462,-.722,.515,.241,.661,.71,-.853,-.204,.48);es="Linear";ed="In";};["Head"]={cf=cfr(0,0,0,.995,.083,-.055,-.095,.953,-.288,.029,.292,.956);es="Linear";ed="In";};["Right Leg"]={cf=cfr(.746,-.086,.166,.823,.53,-.205,-.512,.848,.134,.245,-.006,.97);es="Linear";ed="In";};["Left Arm"]={cf=cfr(.747,-.339,.307,.564,.603,-.564,-.308,.787,.534,.766,-.127,.63);es="Linear";ed="In";};};{tm=.367;["Torso"]={cf=cfr(.849,-.071,.025,.514,-.814,.271,.858,.494,-.143,-.018,.306,.952);es="Linear";ed="In";};["Left Leg"]={cf=cfr(-.879,.303,-.08,.955,.124,-.271,-.128,.992,.003,.269,.032,.963);es="Linear";ed="In";};["Right Arm"]={cf=cfr(-.49,-.444,.37,.46,-.729,.507,.31,.666,.678,-.832,-.155,.532);es="Linear";ed="In";};["Head"]={cf=cfr(0,0,0,.996,.069,-.051,-.081,.946,-.313,.026,.315,.949);es="Linear";ed="In";};["Right Leg"]={cf=cfr(.858,-.194,.172,.721,.669,-.184,-.652,.743,.148,.236,.013,.972);es="Linear";ed="In";};["Left Arm"]={cf=cfr(.687,-.339,.233,.674,.573,-.466,-.268,.778,.569,.688,-.258,.678);es="Linear";ed="In";};};{tm=.4;["Torso"]={cf=cfr(.861,-.07,.005,.485,-.828,.281,.874,.467,-.135,-.02,.311,.95);es="Linear";ed="In";};["Left Leg"]={cf=cfr(-.882,.309,-.09,.953,.127,-.275,-.132,.991,0,.273,.036,.961);es="Linear";ed="In";};["Right Arm"]={cf=cfr(-.505,-.456,.373,.447,-.74,.502,.324,.657,.68,-.833,-.141,.534);es="Linear";ed="In";};["Head"]={cf=cfr(0,0,0,.997,.066,-.043,-.076,.94,-.332,.019,.334,.942);es="Linear";ed="In";};["Right Leg"]={cf=cfr(1.022,-.327,.196,.561,.813,-.155,-.797,.581,.163,.222,.032,.974);es="Linear";ed="In";};["Left Arm"]={cf=cfr(.68,-.38,.235,.669,.632,-.391,-.291,.707,.644,.684,-.318,.657);es="Linear";ed="In";};};{tm=.433;["Torso"]={cf=cfr(.851,-.069,.025,.487,-.824,.288,.873,.462,-.155,-.006,.327,.945);es="Linear";ed="In";};["Left Leg"]={cf=cfr(-.826,.277,-.072,.941,.192,-.278,-.203,.979,-.012,.27,.068,.961);es="Linear";ed="In";};["Right Arm"]={cf=cfr(-.502,-.461,.375,.452,-.759,.468,.334,.631,.701,-.827,-.16,.539);es="Linear";ed="In";};["Head"]={cf=cfr(0,0,0,.997,.069,-.031,-.076,.928,-.364,.004,.365,.931);es="Linear";ed="In";};["Right Leg"]={cf=cfr(1.219,-.399,.261,.399,.904,-.154,-.886,.423,.188,.235,.062,.97);es="Linear";ed="In";};["Left Arm"]={cf=cfr(.666,-.44,.249,.632,.707,-.318,-.342,.622,.704,.696,-.336,.635);es="Linear";ed="In";};};{tm=.467;["Torso"]={cf=cfr(.836,-.048,.085,.52,-.789,.327,.854,.494,-.165,-.032,.365,.93);es="Linear";ed="In";};["Left Leg"]={cf=cfr(-.644,.233,.014,.923,.336,-.188,-.345,.939,-.013,.172,.077,.982);es="Linear";ed="In";};["Right Arm"]={cf=cfr(-.505,-.465,.433,.386,-.806,.449,.347,.578,.738,-.855,-.129,.503);es="Linear";ed="In";};["Head"]={cf=cfr(0,0,0,.994,.103,-.019,-.101,.9,-.424,-.026,.424,.905);es="Linear";ed="In";};["Right Leg"]={cf=cfr(1.479,-.324,.204,.389,.916,-.097,-.905,.4,.144,.17,.032,.985);es="Linear";ed="In";};["Left Arm"]={cf=cfr(.692,-.545,.307,.527,.827,-.197,-.377,.435,.818,.762,-.357,.541);es="Linear";ed="In";};};{tm=.5;["Torso"]={cf=cfr(.83,-.052,.121,.525,-.775,.352,.851,.487,-.196,-.019,.402,.915);es="Linear";ed="In";};["Left Leg"]={cf=cfr(-.542,.152,.046,.884,.441,-.155,-.452,.891,-.045,.119,.11,.987);es="Linear";ed="In";};["Right Arm"]={cf=cfr(-.505,-.471,.467,.357,-.843,.404,.345,.52,.781,-.868,-.139,.477);es="Linear";ed="In";};["Head"]={cf=cfr(0,0,0,.992,.124,-.002,-.111,.88,-.463,-.055,.459,.887);es="Linear";ed="In";};["Right Leg"]={cf=cfr(1.545,-.091,.227,.47,.875,-.113,-.856,.484,.182,.214,.011,.977);es="Linear";ed="In";};["Left Arm"]={cf=cfr(.682,-.586,.411,.395,.908,-.142,-.38,.302,.874,.836,-.292,.464);es="Linear";ed="In";};};{tm=.533;["Torso"]={cf=cfr(.795,-.044,.179,.555,-.743,.373,.831,.509,-.223,-.025,.434,.901);es="Linear";ed="In";};["Left Leg"]={cf=cfr(-.427,.048,.067,.852,.511,-.11,-.52,.85,-.082,.052,.127,.991);es="Linear";ed="In";};["Right Arm"]={cf=cfr(-.515,-.428,.553,.298,-.859,.416,.273,.494,.826,-.915,-.133,.381);es="Linear";ed="In";};["Head"]={cf=cfr(0,0,0,.989,.151,-.006,-.135,.867,-.479,-.067,.474,.878);es="Linear";ed="In";};["Right Leg"]={cf=cfr(1.641,.262,.14,.602,.794,-.082,-.772,.605,.194,.204,-.053,.978);es="Linear";ed="In";};["Left Arm"]={cf=cfr(.685,-.59,.523,.303,.949,-.086,-.3,.18,.937,.905,-.258,.339);es="Linear";ed="In";};};{tm=.567;["Torso"]={cf=cfr(.744,-.04,.231,.527,-.755,.39,.85,.479,-.222,-.019,.448,.894);es="Linear";ed="In";};["Left Leg"]={cf=cfr(-.5,-.035,.128,.908,.405,-.109,-.419,.885,-.204,.013,.231,.973);es="Linear";ed="In";};["Right Arm"]={cf=cfr(-.578,-.421,.527,.358,-.842,.402,.249,.502,.828,-.9,-.197,.39);es="Linear";ed="In";};["Head"]={cf=cfr(0,0,0,.991,.125,.047,-.089,.882,-.462,-.099,.454,.886);es="Linear";ed="In";};["Right Leg"]={cf=cfr(1.613,.564,.073,.772,.636,.02,-.636,.77,.054,.018,-.054,.998);es="Linear";ed="In";};["Left Arm"]={cf=cfr(.578,-.577,.652,.218,.976,.014,-.202,.031,.979,.955,-.216,.204);es="Linear";ed="In";};};{tm=.6;["Torso"]={cf=cfr(.658,-.041,.263,.532,-.767,.359,.847,.482,-.223,-.002,.423,.906);es="Linear";ed="In";};["Left Leg"]={cf=cfr(-.599,-.127,.128,.963,.241,-.121,-.267,.918,-.292,.04,.314,.949);es="Linear";ed="In";};["Right Arm"]={cf=cfr(-.588,-.415,.532,.352,-.838,.416,.25,.513,.821,-.902,-.185,.39);es="Linear";ed="In";};["Head"]={cf=cfr(0,0,0,.99,.115,.079,-.066,.887,-.457,-.123,.447,.886);es="Linear";ed="In";};["Right Leg"]={cf=cfr(1.446,.858,-.072,.91,.376,.177,-.387,.921,.034,-.151,-.099,.984);es="Linear";ed="In";};["Left Arm"]={cf=cfr(.453,-.583,.713,.153,.982,.114,-.171,-.087,.981,.973,-.17,.155);es="Linear";ed="In";};};{tm=.633;["Torso"]={cf=cfr(.582,-.05,.263,.565,-.763,.314,.825,.516,-.23,.013,.389,.921);es="Linear";ed="In";};["Left Leg"]={cf=cfr(-.544,-.263,.139,.989,.147,-.029,-.146,.91,-.388,-.031,.388,.921);es="Linear";ed="In";};["Right Arm"]={cf=cfr(-.565,-.45,.541,.316,-.86,.4,.268,.485,.832,-.91,-.156,.384);es="Linear";ed="In";};["Head"]={cf=cfr(0,0,0,.99,.117,.085,-.065,.884,-.463,-.129,.453,.882);es="Linear";ed="In";};["Right Leg"]={cf=cfr(1.322,1.01,-.268,.929,.149,.338,-.192,.977,.097,-.316,-.155,.936);es="Linear";ed="In";};["Left Arm"]={cf=cfr(.301,-.651,.726,.087,.968,.235,-.187,-.216,.958,.979,-.127,.162);es="Linear";ed="In";};};{tm=.667;["Torso"]={cf=cfr(.53,-.042,.266,.568,-.766,.302,.823,.53,-.203,-.004,.364,.931);es="Linear";ed="In";};["Left Leg"]={cf=cfr(-.497,-.271,.145,.992,.121,.022,-.103,.917,-.384,-.066,.379,.923);es="Linear";ed="In";};["Right Arm"]={cf=cfr(-.545,-.494,.501,.319,-.858,.402,.315,.496,.809,-.894,-.132,.428);es="Linear";ed="In";};["Head"]={cf=cfr(0,0,0,.989,.113,.095,-.06,.894,-.443,-.135,.433,.891);es="Linear";ed="In";};["Right Leg"]={cf=cfr(1.301,1.02,-.407,.914,.073,.4,-.143,.978,.15,-.38,-.195,.904);es="Linear";ed="In";};["Left Arm"]={cf=cfr(.171,-.662,.832,-.133,.952,.275,-.119,-.291,.949,.984,.094,.152);es="Linear";ed="In";};};{tm=.7;["Torso"]={cf=cfr(.48,-.031,.254,.559,-.778,.288,.829,.527,-.187,-.006,.343,.939);es="Linear";ed="In";};["Left Leg"]={cf=cfr(-.411,-.34,.145,.991,.101,.093,-.052,.903,-.426,-.127,.417,.9);es="Linear";ed="In";};["Right Arm"]={cf=cfr(-.532,-.526,.478,.306,-.861,.406,.352,.499,.792,-.885,-.1,.456);es="Linear";ed="In";};["Head"]={cf=cfr(0,0,0,.989,.114,.095,-.063,.903,-.426,-.135,.415,.9);es="Linear";ed="In";};["Right Leg"]={cf=cfr(1.084,1.007,-.429,.888,-.19,.418,.099,.968,.229,-.448,-.162,.879);es="Linear";ed="In";};["Left Arm"]={cf=cfr(.02,-.701,.824,-.28,.917,.283,-.136,-.33,.934,.95,.223,.218);es="Linear";ed="In";};};{tm=.733;["Torso"]={cf=cfr(.438,-.029,.224,.533,-.798,.28,.846,.505,-.171,-.005,.329,.944);es="Linear";ed="In";};["Left Leg"]={cf=cfr(-.357,-.381,.123,.983,.084,.162,-.003,.895,-.446,-.182,.438,.88);es="Linear";ed="In";};["Right Arm"]={cf=cfr(-.532,-.552,.431,.345,-.865,.364,.381,.483,.788,-.858,-.133,.497);es="Linear";ed="In";};["Head"]={cf=cfr(0,0,0,.99,.125,.064,-.091,.919,-.385,-.107,.375,.921);es="Linear";ed="In";};["Right Leg"]={cf=cfr(.763,.796,-.301,.752,-.535,.385,.448,.843,.298,-.484,-.051,.874);es="Linear";ed="In";};["Left Arm"]={cf=cfr(-.098,-.713,.79,-.343,.895,.285,-.139,-.348,.927,.929,.278,.243);es="Linear";ed="In";};};{tm=.767;["Torso"]={cf=cfr(.407,-.035,.185,.522,-.813,.258,.853,.504,-.139,-.017,.292,.956);es="Linear";ed="In";};["Left Leg"]={cf=cfr(-.4,-.349,.097,.994,.03,.105,.016,.908,-.418,-.108,.417,.902);es="Linear";ed="In";};["Right Arm"]={cf=cfr(-.528,-.556,.411,.339,-.863,.374,.429,.496,.755,-.837,-.095,.539);es="Linear";ed="In";};["Head"]={cf=cfr(0,0,0,.991,.126,.05,-.1,.928,-.358,-.091,.349,.932);es="Linear";ed="In";};["Right Leg"]={cf=cfr(.559,.524,-.142,.623,-.699,.349,.648,.712,.269,-.437,.059,.898);es="Linear";ed="In";};["Left Arm"]={cf=cfr(-.072,-.687,.765,-.365,.911,.193,-.203,-.28,.938,.909,.303,.287);es="Linear";ed="In";};};{tm=.8;["Torso"]={cf=cfr(.389,-.04,.156,.531,-.806,.26,.847,.515,-.133,-.027,.291,.956);es="Linear";ed="In";};["Left Leg"]={cf=cfr(-.427,-.323,.077,.997,.03,.077,.004,.915,-.404,-.082,.403,.912);es="Linear";ed="In";};["Right Arm"]={cf=cfr(-.509,-.564,.395,.34,-.868,.362,.453,.489,.746,-.824,-.089,.559);es="Linear";ed="In";};["Head"]={cf=cfr(0,0,0,.991,.136,.018,-.123,.94,-.319,-.06,.314,.947);es="Linear";ed="In";};["Right Leg"]={cf=cfr(.548,.511,-.14,.615,-.707,.35,.659,.704,.263,-.432,.069,.899);es="Linear";ed="In";};["Left Arm"]={cf=cfr(-.017,-.685,.763,-.34,.928,.149,-.231,-.236,.944,.911,.287,.295);es="Linear";ed="In";};};{tm=.833;["Torso"]={cf=cfr(.382,-.044,.144,.535,-.801,.267,.844,.518,-.137,-.029,.299,.954);es="Linear";ed="In";};["Left Leg"]={cf=cfr(-.456,-.305,.072,.998,.038,.05,-.015,.915,-.404,-.061,.402,.913);es="Linear";ed="In";};["Right Arm"]={cf=cfr(-.498,-.559,.384,.353,-.868,.348,.466,.486,.739,-.811,-.099,.576);es="Linear";ed="In";};["Head"]={cf=cfr(0,0,0,.987,.159,.001,-.151,.942,-.298,-.048,.294,.955);es="Linear";ed="In";};["Right Leg"]={cf=cfr(.551,.532,-.156,.612,-.711,.347,.659,.701,.273,-.437,.062,.898);es="Linear";ed="In";};["Left Arm"]={cf=cfr(.01,-.689,.774,-.345,.929,.134,-.237,-.224,.945,.908,.294,.297);es="Linear";ed="In";};};{tm=.867;["Torso"]={cf=cfr(.385,-.042,.149,.538,-.797,.273,.843,.515,-.158,-.015,.315,.949);es="Linear";ed="In";};["Left Leg"]={cf=cfr(-.473,-.332,.1,.997,.071,.027,-.052,.896,-.441,-.055,.439,.897);es="Linear";ed="In";};["Right Arm"]={cf=cfr(-.496,-.541,.418,.343,-.872,.348,.432,.476,.766,-.834,-.112,.54);es="Linear";ed="In";};["Head"]={cf=cfr(0,0,0,.985,.174,-.016,-.172,.944,-.283,-.034,.282,.959);es="Linear";ed="In";};["Right Leg"]={cf=cfr(.703,.746,-.231,.756,-.557,.344,.49,.83,.267,-.434,-.033,.9);es="Linear";ed="In";};["Left Arm"]={cf=cfr(.025,-.713,.788,-.364,.921,.137,-.232,-.232,.945,.902,.312,.298);es="Linear";ed="In";};};{tm=.9;["Torso"]={cf=cfr(.391,-.038,.178,.555,-.788,.267,.832,.532,-.157,-.018,.31,.951);es="Linear";ed="In";};["Left Leg"]={cf=cfr(-.56,-.282,.117,.997,.063,-.051,-.079,.907,-.413,.02,.415,.909);es="Linear";ed="In";};["Right Arm"]={cf=cfr(-.511,-.515,.474,.311,-.867,.389,.374,.488,.789,-.874,-.1,.476);es="Linear";ed="In";};["Head"]={cf=cfr(0,0,0,.981,.196,-.012,-.19,.933,-.305,-.049,.302,.952);es="Linear";ed="In";};["Right Leg"]={cf=cfr(.893,.865,-.237,.883,-.329,.336,.279,.942,.189,-.378,-.074,.923);es="Linear";ed="In";};["Left Arm"]={cf=cfr(.116,-.755,.781,-.291,.942,.169,-.235,-.242,.941,.928,.234,.291);es="Linear";ed="In";};};{tm=.933;["Torso"]={cf=cfr(.406,-.045,.231,.542,-.794,.277,.84,.521,-.149,-.026,.314,.949);es="Linear";ed="In";};["Left Leg"]={cf=cfr(-.579,-.214,.118,.991,.1,-.087,-.124,.931,-.343,.047,.35,.935);es="Linear";ed="In";};["Right Arm"]={cf=cfr(-.532,-.489,.512,.292,-.856,.427,.331,.509,.794,-.897,-.091,.432);es="Linear";ed="In";};["Head"]={cf=cfr(0,0,0,.977,.213,-.007,-.204,.925,-.321,-.062,.315,.947);es="Linear";ed="In";};["Right Leg"]={cf=cfr(1.176,.886,-.214,.958,.026,.287,-.06,.992,.109,-.282,-.121,.952);es="Linear";ed="In";};["Left Arm"]={cf=cfr(.184,-.759,.783,-.224,.95,.22,-.22,-.268,.938,.95,.161,.268);es="Linear";ed="In";};};{tm=.967;["Torso"]={cf=cfr(.425,-.065,.267,.521,-.803,.29,.853,.503,-.138,-.035,.319,.947);es="Linear";ed="In";};["Left Leg"]={cf=cfr(-.513,-.182,.098,.984,.158,-.083,-.175,.944,-.281,.034,.291,.956);es="Linear";ed="In";};["Right Arm"]={cf=cfr(-.545,-.494,.49,.322,-.849,.42,.328,.516,.791,-.888,-.117,.445);es="Linear";ed="In";};["Head"]={cf=cfr(0,0,0,.972,.234,-.027,-.232,.927,-.295,-.044,.293,.955);es="Linear";ed="In";};["Right Leg"]={cf=cfr(1.423,.736,-.198,.915,.33,.23,-.357,.931,.082,-.187,-.158,.97);es="Linear";ed="In";};["Left Arm"]={cf=cfr(.284,-.711,.813,-.136,.963,.233,-.164,-.254,.953,.977,.091,.192);es="Linear";ed="In";};};{tm=1;["Torso"]={cf=cfr(.445,-.089,.274,.514,-.805,.296,.858,.493,-.148,-.027,.33,.944);es="Linear";ed="In";};["Left Leg"]={cf=cfr(-.487,-.174,.087,.975,.204,-.085,-.219,.941,-.258,.027,.27,.962);es="Linear";ed="In";};["Right Arm"]={cf=cfr(-.552,-.493,.484,.336,-.848,.411,.321,.513,.796,-.885,-.135,.445);es="Linear";ed="In";};["Head"]={cf=cfr(0,0,0,.968,.249,-.042,-.25,.923,-.292,-.034,.293,.956);es="Linear";ed="In";};["Right Leg"]={cf=cfr(1.472,.649,-.128,.886,.421,.195,-.438,.898,.053,-.153,-.132,.979);es="Linear";ed="In";};["Left Arm"]={cf=cfr(.388,-.692,.775,.006,.973,.233,-.152,-.229,.961,.988,-.041,.147);es="Linear";ed="In";};};{tm=1.033;["Torso"]={cf=cfr(.465,-.114,.274,.51,-.805,.302,.86,.485,-.158,-.019,.341,.94);es="Linear";ed="In";};["Left Leg"]={cf=cfr(-.441,-.127,.074,.943,.318,-.099,-.331,.923,-.197,.029,.219,.975);es="Linear";ed="In";};["Right Arm"]={cf=cfr(-.55,-.5,.456,.371,-.842,.393,.323,.514,.795,-.871,-.167,.463);es="Linear";ed="In";};["Head"]={cf=cfr(0,0,0,.958,.278,-.073,-.287,.917,-.275,-.009,.285,.959);es="Linear";ed="In";};["Right Leg"]={cf=cfr(1.51,.473,.012,.818,.571,.068,-.575,.815,.076,-.012,-.101,.995);es="Linear";ed="In";};["Left Arm"]={cf=cfr(.542,-.673,.699,.149,.978,.146,-.163,-.121,.979,.975,-.169,.142);es="Linear";ed="In";};};{tm=1.067;["Torso"]={cf=cfr(.497,-.144,.251,.501,-.816,.29,.865,.479,-.145,-.021,.323,.946);es="Linear";ed="In";};["Left Leg"]={cf=cfr(-.429,-.096,.083,.946,.315,-.077,-.324,.928,-.184,.014,.199,.98);es="Linear";ed="In";};["Right Arm"]={cf=cfr(-.567,-.48,.419,.429,-.802,.416,.304,.562,.769,-.851,-.204,.484);es="Linear";ed="In";};["Head"]={cf=cfr(0,0,0,.942,.316,-.113,-.335,.901,-.275,.015,.297,.955);es="Linear";ed="In";};["Right Leg"]={cf=cfr(1.513,.135,.036,.704,.709,.04,-.708,.697,.112,.051,-.107,.993);es="Linear";ed="In";};["Left Arm"]={cf=cfr(.716,-.634,.579,.303,.953,-.001,-.171,.055,.984,.938,-.298,.18);es="Linear";ed="In";};};{tm=1.1;["Torso"]={cf=cfr(.524,-.175,.21,.475,-.844,.248,.88,.456,-.134,0,.282,.959);es="Linear";ed="In";};["Left Leg"]={cf=cfr(-.549,-.089,.078,.977,.184,-.11,-.204,.954,-.219,.065,.236,.969);es="Linear";ed="In";};["Right Arm"]={cf=cfr(-.564,-.443,.353,.519,-.727,.45,.286,.643,.71,-.806,-.24,.542);es="Linear";ed="In";};["Head"]={cf=cfr(0,0,0,.931,.34,-.134,-.364,.895,-.256,.033,.287,.957);es="Linear";ed="In";};["Right Leg"]={cf=cfr(1.286,-.084,.157,.646,.761,-.052,-.746,.645,.168,.162,-.07,.984);es="Linear";ed="In";};["Left Arm"]={cf=cfr(.774,-.58,.473,.423,.897,-.126,-.191,.224,.956,.886,-.38,.266);es="Linear";ed="In";};};{tm=1.133;["Torso"]={cf=cfr(.552,-.211,.127,.445,-.87,.211,.895,.427,-.129,.022,.246,.969);es="Linear";ed="In";};["Left Leg"]={cf=cfr(-.767,-.061,.018,.978,.01,-.207,-.061,.968,-.243,.198,.25,.948);es="Linear";ed="In";};["Right Arm"]={cf=cfr(-.546,-.473,.28,.579,-.7,.418,.295,.658,.693,-.761,-.278,.587);es="Linear";ed="In";};["Head"]={cf=cfr(0,0,0,.931,.338,-.134,-.358,.917,-.174,.064,.21,.976);es="Linear";ed="In";};["Right Leg"]={cf=cfr(1.02,-.135,.179,.682,.726,-.084,-.702,.683,.2,.202,-.078,.976);es="Linear";ed="In";};["Left Arm"]={cf=cfr(.77,-.531,.443,.458,.863,-.214,-.202,.335,.92,.866,-.378,.328);es="Linear";ed="In";};};{tm=1.167;["Torso"]={cf=cfr(.565,-.214,.082,.44,-.876,.196,.898,.424,-.12,.022,.229,.973);es="Linear";ed="In";};["Left Leg"]={cf=cfr(-.881,-.05,-.036,.963,-.068,-.261,.002,.97,-.244,.269,.234,.934);es="Linear";ed="In";};["Right Arm"]={cf=cfr(-.546,-.473,.277,.578,-.703,.414,.308,.658,.687,-.756,-.27,.597);es="Linear";ed="In";};["Head"]={cf=cfr(0,0,0,.926,.355,-.129,-.371,.918,-.138,.07,.175,.982);es="Linear";ed="In";};["Right Leg"]={cf=cfr(.891,-.141,.203,.692,.71,-.132,-.682,.702,.206,.238,-.053,.97);es="Linear";ed="In";};["Left Arm"]={cf=cfr(.745,-.566,.465,.399,.895,-.199,-.246,.313,.917,.884,-.317,.345);es="Linear";ed="In";};};{tm=1.2;["Torso"]={cf=cfr(.563,-.22,.033,.439,-.881,.178,.898,.42,-.131,.041,.217,.975);es="Linear";ed="In";};["Left Leg"]={cf=cfr(-.97,-.066,-.084,.945,-.125,-.302,.04,.961,-.273,.325,.246,.913);es="Linear";ed="In";};["Right Arm"]={cf=cfr(-.507,-.503,.281,.551,-.746,.375,.349,.614,.708,-.758,-.259,.599);es="Linear";ed="In";};["Head"]={cf=cfr(0,0,0,.926,.357,-.12,-.372,.917,-.143,.059,.177,.982);es="Linear";ed="In";};["Right Leg"]={cf=cfr(.819,-.095,.218,.723,.673,-.158,-.64,.738,.214,.261,-.054,.964);es="Linear";ed="In";};["Left Arm"]={cf=cfr(.619,-.651,.555,.213,.968,-.135,-.317,.199,.927,.924,-.155,.349);es="Linear";ed="In";};};{tm=1.233;["Torso"]={cf=cfr(.546,-.207,.005,.485,-.858,.169,.873,.465,-.148,.048,.22,.974);es="Linear";ed="In";};["Left Leg"]={cf=cfr(-1.015,-.054,-.099,.939,-.13,-.319,.037,.959,-.282,.343,.253,.905);es="Linear";ed="In";};["Right Arm"]={cf=cfr(-.418,-.531,.358,.432,-.831,.352,.372,.519,.769,-.822,-.201,.533);es="Linear";ed="In";};["Head"]={cf=cfr(0,0,0,.928,.358,-.1,-.37,.913,-.173,.029,.198,.98);es="Linear";ed="In";};["Right Leg"]={cf=cfr(.961,-.041,.261,.702,.691,-.174,-.657,.722,.217,.275,-.038,.961);es="Linear";ed="In";};["Left Arm"]={cf=cfr(.397,-.716,.666,0,1,-.018,-.309,.017,.951,.951,.006,.309);es="Linear";ed="In";};};{tm=1.267;["Torso"]={cf=cfr(.514,-.181,.01,.561,-.813,.157,.826,.537,-.173,.056,.227,.972);es="Linear";ed="In";};["Left Leg"]={cf=cfr(-.99,-.055,-.071,.952,-.082,-.294,-.006,.957,-.289,.306,.277,.911);es="Linear";ed="In";};["Right Arm"]={cf=cfr(-.25,-.53,.425,.266,-.908,.323,.389,.408,.826,-.882,-.094,.461);es="Linear";ed="In";};["Head"]={cf=cfr(0,0,0,.935,.346,-.076,-.355,.918,-.176,.009,.192,.981);es="Linear";ed="In";};["Right Leg"]={cf=cfr(1.105,.094,.297,.696,.688,-.205,-.647,.725,.236,.311,-.032,.95);es="Linear";ed="In";};["Left Arm"]={cf=cfr(.156,-.657,.679,-.03,.994,.105,-.266,-.109,.958,.964,.001,.267);es="Linear";ed="In";};};{tm=1.3;["Torso"]={cf=cfr(.476,-.184,.021,.615,-.779,.122,.783,.585,-.212,.094,.225,.97);es="Linear";ed="In";};["Left Leg"]={cf=cfr(-.892,-.124,-.026,.972,-.038,-.232,-.045,.939,-.342,.231,.343,.911);es="Linear";ed="In";};["Right Arm"]={cf=cfr(-.037,-.501,.327,.213,-.942,.259,.439,.329,.836,-.873,-.065,.484);es="Linear";ed="In";};["Head"]={cf=cfr(0,0,0,.935,.347,-.069,-.354,.918,-.178,.002,.191,.982);es="Linear";ed="In";};["Right Leg"]={cf=cfr(1.363,.218,.216,.646,.753,-.125,-.698,.649,.301,.308,-.107,.945);es="Linear";ed="In";};["Left Arm"]={cf=cfr(-.062,-.588,.596,-.052,.962,.267,-.323,-.269,.907,.945,-.039,.325);es="Linear";ed="In";};};{tm=1.333;["Torso"]={cf=cfr(.463,-.216,.032,.651,-.749,.121,.747,.604,-.278,.135,.272,.953);es="Linear";ed="In";};["Left Leg"]={cf=cfr(-.805,-.162,.004,.98,.057,-.192,-.129,.915,-.383,.154,.4,.904);es="Linear";ed="In";};["Right Arm"]={cf=cfr(.066,-.482,.268,.167,-.968,.189,.48,.247,.842,-.861,-.05,.505);es="Linear";ed="In";};["Head"]={cf=cfr(0,0,0,.94,.335,-.06,-.34,.926,-.162,.001,.173,.985);es="Linear";ed="In";};["Right Leg"]={cf=cfr(1.438,.464,.126,.699,.705,-.121,-.622,.682,.383,.353,-.193,.916);es="Linear";ed="In";};["Left Arm"]={cf=cfr(-.141,-.491,.601,-.056,.942,.332,-.27,-.335,.903,.961,-.039,.273);es="Linear";ed="In";};};{tm=1.367;["Torso"]={cf=cfr(.435,-.277,.077,.72,-.69,.082,.649,.625,-.434,.248,.366,.897);es="Linear";ed="In";};["Left Leg"]={cf=cfr(-.638,-.284,-.089,.936,.29,-.201,-.351,.824,-.445,.036,.487,.873);es="Linear";ed="In";};["Right Arm"]={cf=cfr(.174,-.376,.194,.075,-.984,.163,.531,.178,.828,-.844,.025,.536);es="Linear";ed="In";};["Head"]={cf=cfr(0,0,0,.928,.367,-.058,-.371,.911,-.178,-.012,.187,.982);es="Linear";ed="In";};["Right Leg"]={cf=cfr(1.387,.983,-.083,.78,.594,-.194,-.418,.727,.546,.465,-.345,.815);es="Linear";ed="In";};["Left Arm"]={cf=cfr(-.114,-.448,.612,.002,.92,.392,-.264,-.377,.888,.965,-.106,.242);es="Linear";ed="In";};};{tm=1.4;["Torso"]={cf=cfr(.411,-.314,.117,.745,-.667,.021,.577,.629,-.52,.333,.4,.854);es="Linear";ed="In";};["Left Leg"]={cf=cfr(-.488,-.459,-.174,.893,.413,-.179,-.442,.726,-.527,-.088,.55,.831);es="Linear";ed="In";};["Right Arm"]={cf=cfr(.179,-.209,.094,.25,-.934,.255,.532,.353,.77,-.809,-.057,.585);es="Linear";ed="In";};["Head"]={cf=cfr(0,0,0,.922,.386,-.033,-.384,.902,-.196,-.046,.194,.98);es="Linear";ed="In";};["Right Leg"]={cf=cfr(1.31,1.295,-.245,.746,.597,-.294,-.285,.687,.669,.601,-.415,.683);es="Linear";ed="In";};["Left Arm"]={cf=cfr(-.034,-.347,.631,.103,.909,.403,-.219,-.375,.901,.97,-.181,.16);es="Linear";ed="In";};};{tm=1.433;["Torso"]={cf=cfr(.403,-.359,.123,.769,-.637,-.043,.504,.647,-.572,.393,.418,.819);es="Linear";ed="In";};["Left Leg"]={cf=cfr(-.392,-.601,-.25,.872,.465,-.153,-.454,.65,-.61,-.185,.601,.778);es="Linear";ed="In";};["Right Arm"]={cf=cfr(.22,-.138,0,.486,-.839,.244,.462,.484,.743,-.742,-.248,.623);es="Linear";ed="In";};["Head"]={cf=cfr(0,0,0,.924,.381,-.038,-.381,.907,-.177,-.033,.178,.983);es="Linear";ed="In";};["Right Leg"]={cf=cfr(1.258,1.473,-.535,.748,.585,-.314,-.157,.616,.772,.644,-.528,.553);es="Linear";ed="In";};["Left Arm"]={cf=cfr(.081,-.275,.66,.24,.903,.355,-.119,-.336,.934,.963,-.266,.026);es="Linear";ed="In";};};{tm=1.467;["Torso"]={cf=cfr(.405,-.402,.104,.772,-.632,-.074,.467,.641,-.609,.432,.436,.79);es="Linear";ed="In";};["Left Leg"]={cf=cfr(-.39,-.651,-.302,.862,.478,-.169,-.462,.605,-.648,-.207,.637,.742);es="Linear";ed="In";};["Right Arm"]={cf=cfr(.253,-.146,.006,.665,-.739,.105,.429,.494,.757,-.612,-.458,.645);es="Linear";ed="In";};["Head"]={cf=cfr(0,0,0,.931,.363,-.033,-.364,.922,-.134,-.018,.137,.99);es="Linear";ed="In";};["Right Leg"]={cf=cfr(1.224,1.531,-.655,.708,.605,-.363,-.066,.57,.819,.703,-.556,.444);es="Linear";ed="In";};["Left Arm"]={cf=cfr(.138,-.228,.66,.28,.905,.32,-.081,-.309,.947,.957,-.291,-.013);es="Linear";ed="In";};};{tm=1.5;["Torso"]={cf=cfr(.405,-.413,.096,.787,-.611,-.087,.436,.651,-.621,.436,.451,.779);es="Linear";ed="In";};["Left Leg"]={cf=cfr(-.411,-.647,-.306,.852,.489,-.187,-.481,.59,-.648,-.207,.642,.738);es="Linear";ed="In";};["Right Arm"]={cf=cfr(.27,-.154,.018,.686,-.727,-.002,.481,.452,.751,-.546,-.516,.66);es="Linear";ed="In";};["Head"]={cf=cfr(0,0,0,.942,.337,-.014,-.336,.937,-.098,-.02,.097,.995);es="Linear";ed="In";};["Right Leg"]={cf=cfr(1.095,1.598,-.726,.755,.514,-.407,.019,.603,.797,.656,-.61,.445);es="Linear";ed="In";};["Left Arm"]={cf=cfr(.19,-.194,.687,.308,.909,.28,-.004,-.293,.956,.951,-.295,-.087);es="Linear";ed="In";};};{tm=1.533;["Torso"]={cf=cfr(.407,-.44,.086,.792,-.602,-.099,.424,.66,-.62,.439,.449,.778);es="Linear";ed="In";};["Left Leg"]={cf=cfr(-.421,-.612,-.319,.856,.47,-.217,-.491,.604,-.628,-.164,.644,.747);es="Linear";ed="In";};["Right Arm"]={cf=cfr(.285,-.161,.068,.753,-.635,-.174,.511,.397,.762,-.415,-.663,.623);es="Linear";ed="In";};["Head"]={cf=cfr(0,0,0,.936,.352,-.022,-.352,.929,-.116,-.02,.116,.993);es="Linear";ed="In";};["Right Leg"]={cf=cfr(1.166,1.497,-.797,.753,.541,-.374,.025,.545,.838,.657,-.641,.397);es="Linear";ed="In";};["Left Arm"]={cf=cfr(.14,-.221,.654,.257,.899,.353,-.104,-.338,.936,.961,-.278,.007);es="Linear";ed="In";};};{tm=1.567;["Torso"]={cf=cfr(.396,-.478,.065,.783,-.617,-.078,.44,.639,-.631,.439,.46,.772);es="Linear";ed="In";};["Left Leg"]={cf=cfr(-.37,-.631,-.304,.872,.466,-.148,-.435,.601,-.671,-.224,.65,.726);es="Linear";ed="In";};["Right Arm"]={cf=cfr(.235,-.176,.145,.843,-.476,-.251,.452,.372,.811,-.292,-.797,.528);es="Linear";ed="In";};["Head"]={cf=cfr(0,0,0,.925,.378,-.024,-.379,.924,-.048,.004,.054,.999);es="Linear";ed="In";};["Right Leg"]={cf=cfr(1.352,1.374,-.836,.8,.557,-.222,-.112,.503,.857,.589,-.661,.465);es="Linear";ed="In";};["Left Arm"]={cf=cfr(.073,-.203,.63,.227,.862,.453,-.144,-.431,.891,.963,-.268,.027);es="Linear";ed="In";};};{tm=1.6;["Torso"]={cf=cfr(.396,-.504,.049,.798,-.6,-.061,.43,.636,-.64,.423,.485,.766);es="Linear";ed="In";};["Left Leg"]={cf=cfr(-.37,-.619,-.262,.862,.485,-.144,-.446,.594,-.67,-.24,.642,.728);es="Linear";ed="In";};["Right Arm"]={cf=cfr(.147,-.203,.199,.868,-.445,-.22,.382,.317,.868,-.317,-.838,.445);es="Linear";ed="In";};["Head"]={cf=cfr(0,0,0,.934,.356,-.002,-.356,.934,-.031,-.009,.03,1);es="Linear";ed="In";};["Right Leg"]={cf=cfr(1.343,1.353,-.812,.834,.509,-.214,-.114,.538,.835,.54,-.672,.507);es="Linear";ed="In";};["Left Arm"]={cf=cfr(.019,-.129,.566,.217,.81,.545,-.187,-.514,.837,.958,-.284,.04);es="Linear";ed="In";};};{tm=1.633;["Torso"]={cf=cfr(.363,-.489,.068,.811,-.583,-.052,.43,.654,-.622,.396,.482,.781);es="Linear";ed="In";};["Left Leg"]={cf=cfr(-.371,-.578,-.219,.864,.49,-.118,-.44,.619,-.65,-.246,.613,.751);es="Linear";ed="In";};["Right Arm"]={cf=cfr(.058,-.19,.219,.883,-.441,-.162,.331,.339,.88,-.333,-.831,.446);es="Linear";ed="In";};["Head"]={cf=cfr(0,0,0,.946,.323,.024,-.323,.946,.017,-.017,-.023,1);es="Linear";ed="In";};["Right Leg"]={cf=cfr(1.258,1.358,-.7,.941,.318,-.119,-.136,.675,.725,.311,-.666,.678);es="Linear";ed="In";};["Left Arm"]={cf=cfr(-.029,-.038,.477,.264,.755,.6,-.214,-.561,.8,.94,-.34,.014);es="Linear";ed="In";};};{tm=1.667;["Torso"]={cf=cfr(.351,-.481,.089,.829,-.555,-.064,.419,.693,-.586,.37,.46,.808);es="Linear";ed="In";};["Left Leg"]={cf=cfr(-.359,-.544,-.179,.878,.467,-.103,-.424,.66,-.62,-.221,.588,.778);es="Linear";ed="In";};["Right Arm"]={cf=cfr(.002,-.19,.231,.894,-.448,-.031,.22,.376,.9,-.391,-.811,.435);es="Linear";ed="In";};["Head"]={cf=cfr(0,0,0,.957,.29,.018,-.289,.956,-.049,-.032,.042,.999);es="Linear";ed="In";};["Right Leg"]={cf=cfr(1.256,1.284,-.645,.966,.258,-.036,-.167,.721,.672,.199,-.643,.739);es="Linear";ed="In";};["Left Arm"]={cf=cfr(-.074,.018,.403,.245,.76,.601,-.236,-.555,.798,.94,-.338,.044);es="Linear";ed="In";};};{tm=1.7;["Torso"]={cf=cfr(.344,-.451,.128,.871,-.482,-.089,.369,.764,-.53,.324,.429,.843);es="Linear";ed="In";};["Left Leg"]={cf=cfr(-.294,-.505,-.147,.894,.446,-.043,-.385,.717,-.581,-.228,.536,.813);es="Linear";ed="In";};["Right Arm"]={cf=cfr(-.119,-.163,.296,.822,-.531,.204,.034,.403,.914,-.568,-.745,.35);es="Linear";ed="In";};["Head"]={cf=cfr(0,0,0,.964,.265,.009,-.263,.961,-.09,-.032,.084,.996);es="Linear";ed="In";};["Right Leg"]={cf=cfr(1.248,1.097,-.569,.985,.165,.051,-.161,.769,.619,.063,-.618,.784);es="Linear";ed="In";};["Left Arm"]={cf=cfr(-.068,.102,.293,.388,.745,.543,-.209,-.502,.839,.898,-.439,-.039);es="Linear";ed="In";};};{tm=1.733;["Torso"]={cf=cfr(.348,-.444,.155,.91,-.4,-.112,.297,.815,-.497,.291,.419,.86);es="Linear";ed="In";};["Left Leg"]={cf=cfr(-.346,-.424,-.085,.922,.386,-.026,-.338,.771,-.539,-.188,.506,.842);es="Linear";ed="In";};["Right Arm"]={cf=cfr(-.207,-.134,.397,.665,-.641,.382,-.102,.429,.897,-.739,-.636,.221);es="Linear";ed="In";};["Head"]={cf=cfr(0,0,0,.97,.244,-.014,-.244,.964,-.101,-.011,.101,.995);es="Linear";ed="In";};["Right Leg"]={cf=cfr(1.13,.944,-.462,.997,.057,.061,-.082,.806,.586,-.016,-.589,.808);es="Linear";ed="In";};["Left Arm"]={cf=cfr(-.057,.131,.246,.535,.715,.45,-.148,-.445,.883,.832,-.539,-.132);es="Linear";ed="In";};};{tm=1.767;["Torso"]={cf=cfr(.359,-.461,.164,.944,-.301,-.134,.2,.848,-.49,.261,.436,.861);es="Linear";ed="In";};["Left Leg"]={cf=cfr(-.433,-.316,-.051,.923,.375,-.084,-.371,.812,-.45,-.101,.446,.889);es="Linear";ed="In";};["Right Arm"]={cf=cfr(-.209,-.135,.461,.52,-.724,.453,-.116,.466,.877,-.846,-.509,.159);es="Linear";ed="In";};["Head"]={cf=cfr(0,0,0,.977,.212,-.027,-.214,.973,-.089,.008,.093,.996);es="Linear";ed="In";};["Right Leg"]={cf=cfr(.801,.815,-.229,.99,-.13,-.047,.136,.851,.508,-.026,-.509,.86);es="Linear";ed="In";};["Left Arm"]={cf=cfr(-.03,.115,.254,.648,.668,.365,-.147,-.36,.921,.747,-.651,-.135);es="Linear";ed="In";};};{tm=1.8;["Torso"]={cf=cfr(.366,-.494,.149,.97,-.195,-.144,.103,.869,-.484,.22,.455,.863);es="Linear";ed="In";};["Left Leg"]={cf=cfr(-.497,-.21,.002,.92,.372,-.125,-.391,.848,-.357,-.027,.377,.926);es="Linear";ed="In";};["Right Arm"]={cf=cfr(-.222,-.179,.539,.362,-.801,.476,-.07,.486,.871,-.929,-.349,.12);es="Linear";ed="In";};["Head"]={cf=cfr(0,0,0,.986,.163,-.04,-.166,.981,-.096,.024,.102,.995);es="Linear";ed="In";};["Right Leg"]={cf=cfr(.501,.64,-.063,.944,-.3,-.138,.33,.853,.404,-.004,-.427,.904);es="Linear";ed="In";};["Left Arm"]={cf=cfr(-.006,.087,.263,.735,.608,.3,-.169,-.264,.95,.656,-.749,-.091);es="Linear";ed="In";};};{tm=1.833;["Torso"]={cf=cfr(.368,-.523,.13,.977,-.151,-.149,.06,.869,-.492,.204,.471,.858);es="Linear";ed="In";};["Left Leg"]={cf=cfr(-.559,-.152,.025,.918,.366,-.152,-.396,.86,-.323,.013,.357,.934);es="Linear";ed="In";};["Right Arm"]={cf=cfr(-.253,-.221,.571,.313,-.818,.484,-.031,.5,.865,-.949,-.286,.131);es="Linear";ed="In";};["Head"]={cf=cfr(0,0,0,.991,.126,-.052,-.129,.989,-.07,.042,.076,.996);es="Linear";ed="In";};["Right Leg"]={cf=cfr(.376,.561,.002,.915,-.357,-.189,.402,.847,.347,.036,-.394,.918);es="Linear";ed="In";};["Left Arm"]={cf=cfr(.02,.069,.279,.773,.584,.247,-.147,-.215,.966,.617,-.783,-.08);es="Linear";ed="In";};};{tm=1.867;["Torso"]={cf=cfr(.372,-.539,.09,.985,-.102,-.14,.022,.875,-.483,.171,.473,.864);es="Linear";ed="In";};["Left Leg"]={cf=cfr(-.697,-.017,.036,.931,.302,-.204,-.348,.902,-.255,.106,.309,.945);es="Linear";ed="In";};["Right Arm"]={cf=cfr(-.211,-.252,.485,.347,-.768,.538,.051,.588,.807,-.936,-.253,.243);es="Linear";ed="In";};["Head"]={cf=cfr(0,0,0,.993,.097,-.063,-.098,.995,-.018,.061,.024,.998);es="Linear";ed="In";};["Right Leg"]={cf=cfr(.328,.508,.05,.905,-.365,-.219,.416,.867,.275,.089,-.34,.936);es="Linear";ed="In";};["Left Arm"]={cf=cfr(.002,.022,.281,.782,.592,.194,-.183,-.08,.98,.596,-.802,.046);es="Linear";ed="In";};};{tm=1.9;["Torso"]={cf=cfr(.361,-.545,-.009,.986,-.073,-.152,-.008,.881,-.474,.168,.468,.867);es="Linear";ed="In";};["Left Leg"]={cf=cfr(-.843,.085,.031,.954,.199,-.223,-.255,.932,-.258,.157,.303,.94);es="Linear";ed="In";};["Right Arm"]={cf=cfr(-.161,-.228,.393,.417,-.694,.587,.087,.673,.734,-.905,-.255,.341);es="Linear";ed="In";};["Head"]={cf=cfr(0,0,0,.989,.12,-.082,-.117,.992,.039,.086,-.029,.996);es="Linear";ed="In";};["Right Leg"]={cf=cfr(.453,.592,.026,.941,-.289,-.177,.331,.896,.296,.073,-.337,.939);es="Linear";ed="In";};["Left Arm"]={cf=cfr(-.06,-.023,.233,.773,.626,.105,-.264,.166,.95,.577,-.762,.294);es="Linear";ed="In";};};{tm=1.933;["Torso"]={cf=cfr(.35,-.555,-.113,.987,-.005,-.158,-.073,.874,-.48,.141,.485,.863);es="Linear";ed="In";};["Left Leg"]={cf=cfr(-.939,.187,.09,.968,.136,-.212,-.19,.945,-.264,.164,.296,.941);es="Linear";ed="In";};["Right Arm"]={cf=cfr(-.106,-.244,.314,.455,-.682,.572,.164,.696,.699,-.875,-.224,.429);es="Linear";ed="In";};["Head"]={cf=cfr(0,0,0,.985,.131,-.109,-.123,.989,.078,.118,-.063,.991);es="Linear";ed="In";};["Right Leg"]={cf=cfr(.571,.684,.02,.956,-.255,-.143,.286,.918,.275,.061,-.304,.951);es="Linear";ed="In";};["Left Arm"]={cf=cfr(-.092,-.06,.187,.771,.634,-.06,-.255,.393,.884,.584,-.666,.465);es="Linear";ed="In";};};{tm=1.967;["Torso"]={cf=cfr(.317,-.564,-.157,.976,.075,-.205,-.167,.862,-.479,.141,.501,.854);es="Linear";ed="In";};["Left Leg"]={cf=cfr(-.93,.19,.164,.981,.12,-.149,-.161,.938,-.306,.103,.324,.94);es="Linear";ed="In";};["Right Arm"]={cf=cfr(-.054,-.307,.216,.528,-.711,.465,.264,.658,.706,-.807,-.25,.535);es="Linear";ed="In";};["Head"]={cf=cfr(0,0,0,.975,.181,-.129,-.168,.98,.105,.146,-.08,.986);es="Linear";ed="In";};["Right Leg"]={cf=cfr(.625,.73,-.036,.955,-.278,-.099,.295,.901,.318,.001,-.333,.943);es="Linear";ed="In";};["Left Arm"]={cf=cfr(-.056,-.174,.191,.564,.738,-.371,-.247,.58,.777,.788,-.347,.509);es="Linear";ed="In";};};{tm=2;["Torso"]={cf=cfr(.309,-.559,-.159,.966,.129,-.226,-.222,.859,-.461,.134,.496,.858);es="Linear";ed="In";};["Left Leg"]={cf=cfr(-.889,.153,.207,.987,.118,-.106,-.147,.934,-.325,.061,.337,.94);es="Linear";ed="In";};["Right Arm"]={cf=cfr(-.027,-.298,.163,.598,-.667,.445,.263,.687,.677,-.757,-.287,.586);es="Linear";ed="In";};["Head"]={cf=cfr(0,0,0,.974,.191,-.12,-.182,.98,.083,.133,-.06,.989);es="Linear";ed="In";};["Right Leg"]={cf=cfr(.619,.713,-.027,.953,-.291,-.088,.304,.897,.32,-.014,-.332,.943);es="Linear";ed="In";};["Left Arm"]={cf=cfr(-.088,-.18,.161,.464,.779,-.421,-.293,.584,.757,.836,-.228,.499);es="Linear";ed="In";};};{tm=2.033;["Torso"]={cf=cfr(.284,-.539,-.132,.911,.291,-.292,-.396,.815,-.423,.115,.501,.858);es="Linear";ed="In";};["Left Leg"]={cf=cfr(-.736,.088,.252,.987,.162,0,-.152,.926,-.345,-.056,.34,.939);es="Linear";ed="In";};["Right Arm"]={cf=cfr(.098,-.256,.051,.68,-.669,.299,.382,.672,.635,-.626,-.318,.712);es="Linear";ed="In";};["Head"]={cf=cfr(0,0,0,.96,.254,-.115,-.25,.967,.046,.123,-.016,.992);es="Linear";ed="In";};["Right Leg"]={cf=cfr(.69,.719,-.158,.946,-.324,-.02,.304,.865,.4,-.113,-.385,.916);es="Linear";ed="In";};["Left Arm"]={cf=cfr(-.135,-.214,.111,.174,.847,-.503,-.443,.523,.728,.88,.096,.466);es="Linear";ed="In";};};{tm=2.067;["Torso"]={cf=cfr(.239,-.509,-.102,.807,.448,-.385,-.58,.722,-.376,.11,.527,.843);es="Linear";ed="In";};["Left Leg"]={cf=cfr(-.58,-.016,.301,.969,.227,.101,-.168,.897,-.409,-.183,.379,.907);es="Linear";ed="In";};["Right Arm"]={cf=cfr(.114,-.235,.079,.593,-.733,.333,.356,.609,.709,-.722,-.302,.622);es="Linear";ed="In";};["H