-- // converted using mech's animoduler
local cfr = CFrame.new

return {{tm=0;["LowerTorso"]={cf=cfr(-.265,-.099,.18,.827,.071,.558,.041,.982,-.186,-.561,.177,.809);es="Linear";ed="In";};["UpperTorso"]={cf=cfr(0,0,0,1,.017,.013,-.021,.925,.38,-.005,-.38,.925);es="Linear";ed="In";};["LeftUpperArm"]={cf=cfr(0,0,0,.484,.307,-.82,-.867,.297,-.401,.121,.904,.41);es="Linear";ed="In";};["LeftLowerArm"]={cf=cfr(0,0,0,.826,.333,-.454,-.445,-.105,-.889,-.344,.937,.062);es="Linear";ed="In";};["LeftHand"]={cf=cfr(0,0,0,.935,.229,.271,-.163,.956,-.244,-.315,.184,.931);es="Linear";ed="In";};["RightUpperArm"]={cf=cfr(0,0,0,.714,-.331,.617,.399,.916,.029,-.575,.226,.786);es="Linear";ed="In";};["RightLowerArm"]={cf=cfr(0,0,0,.85,-.154,.504,.452,.705,-.547,-.271,.693,.669);es="Linear";ed="In";};["RightHand"]={cf=cfr(0,0,0,.996,-.023,-.087,.008,.985,-.171,.09,.17,.981);es="Linear";ed="In";};["Head"]={cf=cfr(0,0,0,.989,-.141,.032,.118,.911,.396,-.085,-.388,.918);es="Linear";ed="In";};["LeftUpperLeg"]={cf=cfr(0,0,0,.98,.199,-.012,-.195,.947,-.255,-.039,.252,.967);es="Linear";ed="In";};["LeftLowerLeg"]={cf=cfr(0,0,0,.999,-.033,-.002,.033,.991,.127,-.002,-.127,.992);es="Linear";ed="In";};["LeftFoot"]={cf=cfr(0,0,0,.992,-.062,.111,.048,.991,.123,-.118,-.117,.986);es="Linear";ed="In";};["RightUpperLeg"]={cf=cfr(0,0,0,.998,.019,.054,.003,.925,-.381,-.058,.381,.923);es="Linear";ed="In";};["RightLowerLeg"]={cf=cfr(0,0,0,.999,.047,.019,-.047,.723,.689,.019,-.689,.724);es="Linear";ed="In";};["RightFoot"]={cf=cfr(0,0,0,.994,.078,.073,-.062,.979,-.196,-.086,.191,.978);es="Linear";ed="In";};["Armature"]={cf=cfr(0,0,0,-1,0,0,0,1,0,0,0,-1);es="Linear";ed="In";};["RootNode"]={cf=cfr(0,0,0,-1,0,0,0,1,0,0,0,-1);es="Linear";ed="In";};};{tm=.033;["LowerTorso"]={cf=cfr(-.303,-.108,.177,.819,.067,.57,.042,.984,-.176,-.572,.168,.803);es="Linear";ed="In";};["UpperTorso"]={cf=cfr(0,0,0,.999,.025,.035,-.036,.931,.364,-.024,-.365,.931);es="Linear";ed="In";};["LeftUpperArm"]={cf=cfr(0,0,0,.511,.303,-.804,-.847,.336,-.412,.146,.892,.428);es="Linear";ed="In";};["LeftLowerArm"]={cf=cfr(0,0,0,.822,.315,-.475,-.47,-.096,-.877,-.322,.944,.07);es="Linear";ed="In";};["LeftHand"]={cf=cfr(0,0,0,.935,.228,.271,-.162,.956,-.243,-.315,.183,.931);es="Linear";ed="In";};["RightUpperArm"]={cf=cfr(0,0,0,.736,-.361,.573,.402,.914,.059,-.545,.187,.817);es="Linear";ed="In";};["RightLowerArm"]={cf=cfr(0,0,0,.834,-.14,.534,.478,.668,-.571,-.277,.731,.624);es="Linear";ed="In";};["RightHand"]={cf=cfr(0,0,0,.996,-.025,-.088,.009,.985,-.171,.091,.169,.981);es="Linear";ed="In";};["Head"]={cf=cfr(0,0,0,.99,-.141,.025,.119,.905,.409,-.08,-.402,.912);es="Linear";ed="In";};["LeftUpperLeg"]={cf=cfr(0,0,0,.979,.201,-.017,-.197,.936,-.292,-.043,.289,.956);es="Linear";ed="In";};["LeftLowerLeg"]={cf=cfr(0,0,0,.998,-.062,-.007,.062,.976,.207,-.006,-.207,.978);es="Linear";ed="In";};["LeftFoot"]={cf=cfr(0,0,0,.997,-.054,.06,.045,.989,.141,-.067,-.138,.988);es="Linear";ed="In";};["RightUpperLeg"]={cf=cfr(0,0,0,.999,-.018,.029,.028,.927,-.373,-.02,.374,.927);es="Linear";ed="In";};["RightLowerLeg"]={cf=cfr(0,0,0,.998,.056,.023,-.056,.701,.711,.024,-.711,.703);es="Linear";ed="In";};["RightFoot"]={cf=cfr(0,0,0,.993,.075,.091,-.051,.968,-.244,-.106,.238,.965);es="Linear";ed="In";};["Armature"]={cf=cfr(0,0,0,-1,0,0,0,1,0,0,0,-1);es="Linear";ed="In";};["RootNode"]={cf=cfr(0,0,0,-1,0,0,0,1,0,0,0,-1);es="Linear";ed="In";};};{tm=.067;["LowerTorso"]={cf=cfr(-.335,-.088,.167,.807,.061,.588,.043,.986,-.162,-.589,.156,.793);es="Linear";ed="In";};["UpperTorso"]={cf=cfr(0,0,0,.999,.024,.043,-.038,.933,.359,-.031,-.36,.932);es="Linear";ed="In";};["LeftUpperArm"]={cf=cfr(0,0,0,.534,.323,-.781,-.829,.379,-.41,.164,.867,.47);es="Linear";ed="In";};["LeftLowerArm"]={cf=cfr(0,0,0,.804,.296,-.515,-.498,-.137,-.856,-.324,.945,.038);es="Linear";ed="In";};["LeftHand"]={cf=cfr(0,0,0,.936,.225,.272,-.16,.957,-.241,-.314,.182,.932);es="Linear";ed="In";};["RightUpperArm"]={cf=cfr(0,0,0,.764,-.366,.531,.389,.918,.073,-.514,.151,.844);es="Linear";ed="In";};["RightLowerArm"]={cf=cfr(0,0,0,.829,-.144,.54,.489,.655,-.576,-.271,.742,.614);es="Linear";ed="In";};["RightHand"]={cf=cfr(0,0,0,.996,-.027,-.089,.012,.985,-.172,.092,.17,.981);es="Linear";ed="In";};["Head"]={cf=cfr(0,0,0,.99,-.144,.01,.126,.893,.432,-.071,-.427,.902);es="Linear";ed="In";};["LeftUpperLeg"]={cf=cfr(0,0,0,.981,.191,-.031,-.19,.927,-.322,-.033,.322,.946);es="Linear";ed="In";};["LeftLowerLeg"]={cf=cfr(0,0,0,.997,-.076,-.011,.076,.957,.28,-.011,-.28,.96);es="Linear";ed="In";};["LeftFoot"]={cf=cfr(0,0,0,.998,-.053,.037,.048,.99,.136,-.044,-.134,.99);es="Linear";ed="In";};["RightUpperLeg"]={cf=cfr(0,0,0,.999,-.031,.009,.032,.946,-.322,.002,.322,.947);es="Linear";ed="In";};["RightLowerLeg"]={cf=cfr(0,0,0,.998,.053,.02,-.052,.751,.659,.02,-.659,.752);es="Linear";ed="In";};["RightFoot"]={cf=cfr(0,0,0,.994,.07,.088,-.044,.963,-.267,-.103,.261,.96);es="Linear";ed="In";};["Armature"]={cf=cfr(0,0,0,-1,0,0,0,1,0,0,0,-1);es="Linear";ed="In";};["RootNode"]={cf=cfr(0,0,0,-1,0,0,0,1,0,0,0,-1);es="Linear";ed="In";};};{tm=.1;["LowerTorso"]={cf=cfr(-.368,-.039,.155,.782,.054,.62,.046,.988,-.145,-.621,.142,.771);es="Linear";ed="In";};["UpperTorso"]={cf=cfr(0,0,0,.999,.006,.051,-.024,.929,.369,-.046,-.369,.928);es="Linear";ed="In";};["LeftUpperArm"]={cf=cfr(0,0,0,.578,.354,-.735,-.795,.449,-.409,.186,.821,.54);es="Linear";ed="In";};["LeftLowerArm"]={cf=cfr(0,0,0,.782,.272,-.56,-.541,-.149,-.828,-.308,.951,.031);es="Linear";ed="In";};["LeftHand"]={cf=cfr(0,0,0,.937,.221,.272,-.157,.958,-.238,-.313,.181,.932);es="Linear";ed="In";};["RightUpperArm"]={cf=cfr(0,0,0,.802,-.368,.471,.372,.924,.088,-.467,.105,.878);es="Linear";ed="In";};["RightLowerArm"]={cf=cfr(0,0,0,.827,-.143,.544,.498,.636,-.59,-.261,.759,.597);es="Linear";ed="In";};["RightHand"]={cf=cfr(0,0,0,.995,-.031,-.091,.015,.985,-.174,.095,.172,.981);es="Linear";ed="In";};["Head"]={cf=cfr(0,0,0,.99,-.141,0,.128,.9,.417,-.059,-.413,.909);es="Linear";ed="In";};["LeftUpperLeg"]={cf=cfr(0,0,0,.983,.171,-.063,-.182,.911,-.371,-.006,.376,.926);es="Linear";ed="In";};["LeftLowerLeg"]={cf=cfr(0,0,0,.996,-.092,-.019,.092,.912,.399,-.019,-.399,.917);es="Linear";ed="In";};["LeftFoot"]={cf=cfr(0,0,0,.998,-.067,-.014,.069,.976,.205,0,-.206,.979);es="Linear";ed="In";};["RightUpperLeg"]={cf=cfr(0,0,0,1,-.027,-.014,.022,.971,-.236,.02,.236,.972);es="Linear";ed="In";};["RightLowerLeg"]={cf=cfr(0,0,0,.999,.036,.011,-.036,.834,.551,.011,-.551,.834);es="Linear";ed="In";};["RightFoot"]={cf=cfr(0,0,0,.996,.059,.069,-.042,.974,-.222,-.08,.218,.973);es="Linear";ed="In";};["Armature"]={cf=cfr(0,0,0,-1,0,0,0,1,0,0,0,-1);es="Linear";ed="In";};["RootNode"]={cf=cfr(0,0,0,-1,0,0,0,1,0,0,0,-1);es="Linear";ed="In";};};{tm=.133;["LowerTorso"]={cf=cfr(-.409,.009,.143,.765,.035,.643,.044,.993,-.107,-.643,.11,.758);es="Linear";ed="In";};["UpperTorso"]={cf=cfr(0,0,0,.998,-.004,.059,-.018,.93,.367,-.056,-.367,.928);es="Linear";ed="In";};["LeftUpperArm"]={cf=cfr(0,0,0,.647,.428,-.631,-.732,.579,-.358,.212,.693,.689);es="Linear";ed="In";};["LeftLowerArm"]={cf=cfr(0,0,0,.769,.214,-.602,-.594,-.106,-.797,-.234,.971,.045);es="Linear";ed="In";};["LeftHand"]={cf=cfr(0,0,0,.938,.217,.272,-.153,.959,-.237,-.312,.181,.933);es="Linear";ed="In";};["RightUpperArm"]={cf=cfr(0,0,0,.826,-.379,.417,.377,.922,.09,-.419,.083,.904);es="Linear";ed="In";};["RightLowerArm"]={cf=cfr(0,0,0,.82,-.133,.556,.51,.61,-.606,-.259,.781,.569);es="Linear";ed="In";};["RightHand"]={cf=cfr(0,0,0,.995,-.035,-.094,.018,.985,-.174,.098,.171,.98);es="Linear";ed="In";};["Head"]={cf=cfr(0,0,0,.993,-.117,-.01,.111,.907,.406,-.038,-.404,.914);es="Linear";ed="In";};["LeftUpperLeg"]={cf=cfr(0,0,0,.986,.143,-.083,-.165,.899,-.406,.016,.414,.91);es="Linear";ed="In";};["LeftLowerLeg"]={cf=cfr(0,0,0,.995,-.098,-.024,.098,.885,.454,-.024,-.454,.891);es="Linear";ed="In";};["LeftFoot"]={cf=cfr(0,0,0,.997,-.065,-.045,.075,.961,.266,.026,-.268,.963);es="Linear";ed="In";};["RightUpperLeg"]={cf=cfr(0,0,0,.999,-.023,-.028,.017,.982,-.187,.032,.187,.982);es="Linear";ed="In";};["RightLowerLeg"]={cf=cfr(0,0,0,1,.026,.007,-.026,.882,.471,.007,-.471,.882);es="Linear";ed="In";};["RightFoot"]={cf=cfr(0,0,0,.997,.053,.055,-.044,.987,-.156,-.063,.153,.986);es="Linear";ed="In";};["Armature"]={cf=cfr(0,0,0,-1,0,0,0,1,0,0,0,-1);es="Linear";ed="In";};["RootNode"]={cf=cfr(0,0,0,-1,0,0,0,1,0,0,0,-1);es="Linear";ed="In";};};{tm=.167;["LowerTorso"]={cf=cfr(-.438,.03,.136,.773,.023,.634,.048,.994,-.095,-.632,.104,.768);es="Linear";ed="In";};["UpperTorso"]={cf=cfr(0,0,0,.996,.01,.09,-.043,.929,.368,-.079,-.37,.925);es="Linear";ed="In";};["LeftUpperArm"]={cf=cfr(0,0,0,.723,.479,-.498,-.658,.698,-.284,.212,.533,.819);es="Linear";ed="In";};["LeftLowerArm"]={cf=cfr(0,0,0,.757,.158,-.634,-.623,-.118,-.774,-.197,.98,.01);es="Linear";ed="In";};["LeftHand"]={cf=cfr(0,0,0,.939,.211,.271,-.148,.96,-.236,-.31,.182,.933);es="Linear";ed="In";};["RightUpperArm"]={cf=cfr(0,0,0,.819,-.426,.385,.426,.9,.088,-.384,.092,.919);es="Linear";ed="In";};["RightLowerArm"]={cf=cfr(0,0,0,.824,-.113,.555,.496,.618,-.61,-.274,.778,.565);es="Linear";ed="In";};["RightHand"]={cf=cfr(0,0,0,.994,-.04,-.097,.023,.984,-.175,.102,.172,.98);es="Linear";ed="In";};["Head"]={cf=cfr(0,0,0,.995,-.092,-.039,.1,.905,.413,-.003,-.415,.91);es="Linear";ed="In";};["LeftUpperLeg"]={cf=cfr(0,0,0,.987,.136,-.09,-.161,.9,-.405,.026,.414,.91);es="Linear";ed="In";};["LeftLowerLeg"]={cf=cfr(0,0,0,.995,-.092,-.023,.092,.879,.467,-.023,-.467,.884);es="Linear";ed="In";};["LeftFoot"]={cf=cfr(0,0,0,.997,-.075,-.033,.081,.958,.274,.012,-.275,.961);es="Linear";ed="In";};["RightUpperLeg"]={cf=cfr(0,0,0,1,-.012,-.019,.008,.986,-.168,.021,.167,.986);es="Linear";ed="In";};["RightLowerLeg"]={cf=cfr(0,0,0,1,.027,.007,-.027,.882,.471,.007,-.471,.882);es="Linear";ed="In";};["RightFoot"]={cf=cfr(0,0,0,.997,.054,.053,-.047,.991,-.128,-.059,.125,.99);es="Linear";ed="In";};["Armature"]={cf=cfr(0,0,0,-1,0,0,0,1,0,0,0,-1);es="Linear";ed="In";};["RootNode"]={cf=cfr(0,0,0,-1,0,0,0,1,0,0,0,-1);es="Linear";ed="In";};};{tm=.2;["LowerTorso"]={cf=cfr(-.479,.037,.13,.787,.019,.617,.033,.997,-.072,-.616,.077,.784);es="Linear";ed="In";};["UpperTorso"]={cf=cfr(0,0,0,.993,-.016,.12,-.03,.928,.371,-.117,-.371,.921);es="Linear";ed="In";};["LeftUpperArm"]={cf=cfr(0,0,0,.822,.499,-.272,-.537,.839,-.083,.187,.215,.959);es="Linear";ed="In";};["LeftLowerArm"]={cf=cfr(0,0,0,.741,.032,-.671,-.67,-.035,-.742,-.048,.999,-.005);es="Linear";ed="In";};["LeftHand"]={cf=cfr(0,0,0,.941,.203,.27,-.141,.962,-.235,-.308,.183,.934);es="Linear";ed="In";};["RightUpperArm"]={cf=cfr(0,0,0,.801,-.478,.36,.482,.872,.086,-.355,.105,.929);es="Linear";ed="In";};["RightLowerArm"]={cf=cfr(0,0,0,.815,-.05,.578,.47,.641,-.607,-.34,.766,.545);es="Linear";ed="In";};["RightHand"]={cf=cfr(0,0,0,.994,-.047,-.102,.029,.984,-.176,.109,.172,.979);es="Linear";ed="In";};["Head"]={cf=cfr(0,0,0,.997,-.043,-.057,.061,.926,.372,.037,-.375,.926);es="Linear";ed="In";};["LeftUpperLeg"]={cf=cfr(0,0,0,.989,.119,-.088,-.144,.904,-.403,.031,.412,.911);es="Linear";ed="In";};["LeftLowerLeg"]={cf=cfr(0,0,0,.994,-.105,-.025,.105,.888,.448,-.025,-.448,.893);es="Linear";ed="In";};["LeftFoot"]={cf=cfr(0,0,0,.998,-.062,-.026,.067,.966,.25,.01,-.251,.968);es="Linear";ed="In";};["RightUpperLeg"]={cf=cfr(0,0,0,.998,-.054,-.018,.049,.978,-.203,.028,.202,.979);es="Linear";ed="In";};["RightLowerLeg"]={cf=cfr(0,0,0,.999,.046,.015,-.046,.815,.578,.015,-.578,.816);es="Linear";ed="In";};["RightFoot"]={cf=cfr(0,0,0,.995,.078,.056,-.073,.993,-.094,-.063,.089,.994);es="Linear";ed="In";};["Armature"]={cf=cfr(0,0,0,-1,0,0,0,1,0,0,0,-1);es="Linear";ed="In";};["RootNode"]={cf=cfr(0,0,0,-1,0,0,0,1,0,0,0,-1);es="Linear";ed="In";};};{tm=.233;["LowerTorso"]={cf=cfr(-.523,.032,.112,.781,.005,.624,.04,.998,-.058,-.623,.07,.779);es="Linear";ed="In";};["UpperTorso"]={cf=cfr(0,0,0,.992,-.023,.125,-.026,.927,.374,-.124,-.374,.919);es="Linear";ed="In";};["LeftUpperArm"]={cf=cfr(0,0,0,.887,.441,-.135,-.433,.897,.087,.16,-.019,.987);es="Linear";ed="In";};["LeftLowerArm"]={cf=cfr(0,0,0,.757,-.039,-.652,-.641,.147,-.753,.125,.988,.086);es="Linear";ed="In";};["LeftHand"]={cf=cfr(0,0,0,.943,.194,.269,-.132,.964,-.232,-.304,.183,.935);es="Linear";ed="In";};["RightUpperArm"]={cf=cfr(0,0,0,.789,-.508,.344,.517,.853,.073,-.33,.121,.936);es="Linear";ed="In";};["RightLowerArm"]={cf=cfr(0,0,0,.832,-.002,.555,.415,.668,-.618,-.369,.744,.556);es="Linear";ed="In";};["RightHand"]={cf=cfr(0,0,0,.993,-.056,-.105,.036,.983,-.18,.114,.175,.978);es="Linear";ed="In";};["Head"]={cf=cfr(0,0,0,.998,.005,-.07,.021,.934,.356,.067,-.357,.932);es="Linear";ed="In";};["LeftUpperLeg"]={cf=cfr(0,0,0,.989,.119,-.084,-.143,.902,-.408,.027,.416,.909);es="Linear";ed="In";};["LeftLowerLeg"]={cf=cfr(0,0,0,.993,-.116,-.027,.116,.889,.443,-.027,-.443,.896);es="Linear";ed="In";};["LeftFoot"]={cf=cfr(0,0,0,.999,-.043,-.015,.045,.97,.237,.004,-.238,.971);es="Linear";ed="In";};["RightUpperLeg"]={cf=cfr(0,0,0,.996,-.091,-.02,.084,.971,-.222,.04,.219,.975);es="Linear";ed="In";};["RightLowerLeg"]={cf=cfr(0,0,0,.998,.059,.025,-.059,.703,.709,.025,-.709,.705);es="Linear";ed="In";};["RightFoot"]={cf=cfr(0,0,0,.995,.078,.063,-.076,.997,-.034,-.066,.029,.997);es="Linear";ed="In";};["Armature"]={cf=cfr(0,0,0,-1,0,0,0,1,0,0,0,-1);es="Linear";ed="In";};["RootNode"]={cf=cfr(0,0,0,-1,0,0,0,1,0,0,0,-1);es="Linear";ed="In";};};{tm=.267;["LowerTorso"]={cf=cfr(-.571,.01,.087,.733,.015,.68,.035,.998,-.06,-.68,.068,.73);es="Linear";ed="In";};["UpperTorso"]={cf=cfr(0,0,0,.994,-.027,.105,-.014,.926,.377,-.107,-.376,.92);es="Linear";ed="In";};["LeftUpperArm"]={cf=cfr(0,0,0,.927,.365,-.086,-.345,.92,.188,.147,-.145,.978);es="Linear";ed="In";};["LeftLowerArm"]={cf=cfr(0,0,0,.766,-.068,-.639,-.571,.383,-.726,.294,.921,.254);es="Linear";ed="In";};["LeftHand"]={cf=cfr(0,0,0,.945,.185,.269,-.124,.965,-.231,-.302,.185,.935);es="Linear";ed="In";};["RightUpperArm"]={cf=cfr(0,0,0,.806,-.493,.327,.502,.863,.064,-.314,.113,.943);es="Linear";ed="In";};["RightLowerArm"]={cf=cfr(0,0,0,.853,-.006,.522,.373,.707,-.601,-.366,.707,.605);es="Linear";ed="In";};["RightHand"]={cf=cfr(0,0,0,.992,-.065,-.108,.044,.982,-.184,.118,.177,.977);es="Linear";ed="In";};["Head"]={cf=cfr(0,0,0,.996,.037,-.077,-.009,.943,.333,.085,-.331,.94);es="Linear";ed="In";};["LeftUpperLeg"]={cf=cfr(0,0,0,.993,.074,-.097,-.11,.891,-.442,.054,.449,.892);es="Linear";ed="In";};["LeftLowerLeg"]={cf=cfr(0,0,0,.993,-.118,-.032,.118,.853,.509,-.032,-.509,.86);es="Linear";ed="In";};["LeftFoot"]={cf=cfr(0,0,0,1,-.019,.018,.015,.981,.192,-.021,-.191,.981);es="Linear";ed="In";};["RightUpperLeg"]={cf=cfr(0,0,0,.989,-.145,-.034,.139,.98,-.14,.054,.134,.989);es="Linear";ed="In";};["RightLowerLeg"]={cf=cfr(0,0,0,.999,.04,.018,-.04,.659,.751,.018,-.751,.66);es="Linear";ed="In";};["RightFoot"]={cf=cfr(0,0,0,.996,.093,.008,-.093,.996,0,-.008,-.001,1);es="Linear";ed="In";};["Armature"]={cf=cfr(0,0,0,-1,0,0,0,1,0,0,0,-1);es="Linear";ed="In";};["RootNode"]={cf=cfr(0,0,0,-1,0,0,0,1,0,0,0,-1);es="Linear";ed="In";};};{tm=.3;["LowerTorso"]={cf=cfr(-.607,-.048,.064,.653,.016,.757,.03,.998,-.046,-.757,.053,.651);es="Linear";ed="In";};["UpperTorso"]={cf=cfr(0,0,0,.996,-.009,.093,-.025,.932,.361,-.091,-.362,.928);es="Linear";ed="In";};["LeftUpperArm"]={cf=cfr(0,0,0,.947,.316,-.066,-.289,.92,.264,.144,-.231,.962);es="Linear";ed="In";};["LeftLowerArm"]={cf=cfr(0,0,0,.764,-.095,-.638,-.514,.508,-.691,.39,.856,.339);es="Linear";ed="In";};["LeftHand"]={cf=cfr(0,0,0,.948,.178,.265,-.116,.965,-.234,-.298,.191,.935);es="Linear";ed="In";};["RightUpperArm"]={cf=cfr(0,0,0,.841,-.461,.283,.453,.886,.098,-.296,.046,.954);es="Linear";ed="In";};["RightLowerArm"]={cf=cfr(0,0,0,.847,-.057,.528,.412,.698,-.586,-.335,.714,.615);es="Linear";ed="In";};["RightHand"]={cf=cfr(0,0,0,.991,-.071,-.113,.05,.982,-.183,.124,.176,.977);es="Linear";ed="In";};["Head"]={cf=cfr(0,0,0,.996,.051,-.08,-.025,.953,.302,.091,-.299,.95);es="Linear";ed="In";};["LeftUpperLeg"]={cf=cfr(0,0,0,.991,.008,-.131,-.078,.841,-.536,.106,.541,.834);es="Linear";ed="In";};["LeftLowerLeg"]={cf=cfr(0,0,0,.992,-.122,-.044,.122,.758,.64,-.044,-.64,.767);es="Linear";ed="In";};["LeftFoot"]={cf=cfr(0,0,0,.999,.012,.043,-.017,.994,.11,-.041,-.111,.993);es="Linear";ed="In";};["RightUpperLeg"]={cf=cfr(0,0,0,.981,-.188,-.057,.186,.982,-.041,.063,.03,.998);es="Linear";ed="In";};["RightLowerLeg"]={cf=cfr(0,0,0,1,.026,.012,-.026,.646,.763,.012,-.763,.647);es="Linear";ed="In";};["RightFoot"]={cf=cfr(0,0,0,.992,.104,-.073,-.105,.995,0,.073,.008,.997);es="Linear";ed="In";};["Armature"]={cf=cfr(0,0,0,-1,0,0,0,1,0,0,0,-1);es="Linear";ed="In";};["RootNode"]={cf=cfr(0,0,0,-1,0,0,0,1,0,0,0,-1);es="Linear";ed="In";};};{tm=.333;["LowerTorso"]={cf=cfr(-.625,-.092,.049,.622,.015,.783,.031,.999,-.044,-.782,.051,.621);es="Linear";ed="In";};["UpperTorso"]={cf=cfr(0,0,0,.997,0,.08,-.028,.937,.347,-.075,-.348,.934);es="Linear";ed="In";};["LeftUpperArm"]={cf=cfr(0,0,0,.959,.284,.004,-.274,.919,.285,.078,-.275,.958);es="Linear";ed="In";};["LeftLowerArm"]={cf=cfr(0,0,0,.794,-.046,-.607,-.466,.594,-.656,.39,.803,.45);es="Linear";ed="In";};["LeftHand"]={cf=cfr(0,0,0,.95,.17,.263,-.108,.966,-.235,-.294,.195,.936);es="Linear";ed="In";};["RightUpperArm"]={cf=cfr(0,0,0,.866,-.434,.249,.425,.901,.09,-.263,.028,.964);es="Linear";ed="In";};["RightLowerArm"]={cf=cfr(0,0,0,.853,-.086,.515,.418,.704,-.574,-.313,.705,.636);es="Linear";ed="In";};["RightHand"]={cf=cfr(0,0,0,.99,-.078,-.116,.055,.981,-.184,.128,.176,.976);es="Linear";ed="In";};["Head"]={cf=cfr(0,0,0,.995,.055,-.083,-.029,.956,.292,.095,-.288,.953);es="Linear";ed="In";};["LeftUpperLeg"]={cf=cfr(0,0,0,.99,-.019,-.142,-.068,.81,-.582,.126,.586,.801);es="Linear";ed="In";};["LeftLowerLeg"]={cf=cfr(0,0,0,.991,-.124,-.052,.124,.688,.715,-.052,-.715,.697);es="Linear";ed="In";};["LeftFoot"]={cf=cfr(0,0,0,.998,.031,.057,-.033,.998,.046,-.056,-.048,.997);es="Linear";ed="In";};["RightUpperLeg"]={cf=cfr(0,0,0,.98,-.19,-.063,.19,.982,-.006,.063,-.006,.998);es="Linear";ed="In";};["RightLowerLeg"]={cf=cfr(0,0,0,1,.02,.01,-.02,.614,.789,.01,-.789,.615);es="Linear";ed="In";};["RightFoot"]={cf=cfr(0,0,0,.99,.086,-.114,-.092,.995,-.048,.109,.058,.992);es="Linear";ed="In";};["Armature"]={cf=cfr(0,0,0,-1,0,0,0,1,0,0,0,-1);es="Linear";ed="In";};["RootNode"]={cf=cfr(0,0,0,-1,0,0,0,1,0,0,0,-1);es="Linear";ed="In";};};{tm=.367;["LowerTorso"]={cf=cfr(-.64,-.136,.024,.565,.02,.825,.027,.999,-.042,-.825,.046,.564);es="Linear";ed="In";};["UpperTorso"]={cf=cfr(0,0,0,.998,-.01,.061,-.012,.939,.344,-.061,-.344,.937);es="Linear";ed="In";};["LeftUpperArm"]={cf=cfr(0,0,0,.949,.313,.039,-.312,.914,.258,.045,-.257,.965);es="Linear";ed="In";};["LeftLowerArm"]={cf=cfr(0,0,0,.842,.028,-.539,-.428,.644,-.634,.33,.764,.554);es="Linear";ed="In";};["LeftHand"]={cf=cfr(0,0,0,.952,.163,.26,-.102,.967,-.234,-.29,.196,.937);es="Linear";ed="In";};["RightUpperArm"]={cf=cfr(0,0,0,.897,-.365,.25,.35,.931,.104,-.271,-.006,.963);es="Linear";ed="In";};["RightLowerArm"]={cf=cfr(0,0,0,.852,-.104,.513,.44,.672,-.595,-.284,.733,.618);es="Linear";ed="In";};["RightHand"]={cf=cfr(0,0,0,.989,-.084,-.118,.061,.981,-.185,.132,.175,.976);es="Linear";ed="In";};["Head"]={cf=cfr(0,0,0,.996,.051,-.069,-.026,.949,.315,.081,-.313,.946);es="Linear";ed="In";};["LeftUpperLeg"]={cf=cfr(0,0,0,.984,-.057,-.166,-.057,.792,-.608,.167,.608,.777);es="Linear";ed="In";};["LeftLowerLeg"]={cf=cfr(0,0,0,.99,-.126,-.058,.126,.638,.76,-.058,-.76,.648);es="Linear";ed="In";};["LeftFoot"]={cf=cfr(0,0,0,.994,.064,.084,-.061,.997,-.039,-.086,.033,.996);es="Linear";ed="In";};["RightUpperLeg"]={cf=cfr(0,0,0,.978,-.2,-.064,.203,.979,.037,.055,-.049,.997);es="Linear";ed="In";};["RightLowerLeg"]={cf=cfr(0,0,0,1,.012,.007,-.012,.509,.861,.007,-.861,.509);es="Linear";ed="In";};["RightFoot"]={cf=cfr(0,0,0,.988,.093,-.122,-.099,.994,-.041,.118,.052,.992);es="Linear";ed="In";};["Armature"]={cf=cfr(0,0,0,-1,0,0,0,1,0,0,0,-1);es="Linear";ed="In";};["RootNode"]={cf=cfr(0,0,0,-1,0,0,0,1,0,0,0,-1);es="Linear";ed="In";};};{tm=.4;["LowerTorso"]={cf=cfr(-.643,-.154,.017,.531,.018,.847,.034,.999,-.042,-.847,.051,.529);es="Linear";ed="In";};["UpperTorso"]={cf=cfr(0,0,0,.998,-.003,.055,-.017,.937,.349,-.053,-.35,.935);es="Linear";ed="In";};["LeftUpperArm"]={cf=cfr(0,0,0,.934,.353,.059,-.357,.901,.246,.034,-.251,.967);es="Linear";ed="In";};["LeftLowerArm"]={cf=cfr(0,0,0,.857,.066,-.512,-.447,.591,-.672,.258,.804,.536);es="Linear";ed="In";};["LeftHand"]={cf=cfr(0,0,0,.953,.155,.259,-.095,.968,-.232,-.287,.196,.938);es="Linear";ed="In";};["RightUpperArm"]={cf=cfr(0,0,0,.899,-.359,.25,.338,.933,.123,-.277,-.026,.96);es="Linear";ed="In";};["RightLowerArm"]={cf=cfr(0,0,0,.85,-.111,.516,.456,.644,-.614,-.265,.757,.598);es="Linear";ed="In";};["RightHand"]={cf=cfr(0,0,0,.989,-.09,-.12,.067,.98,-.188,.134,.178,.975);es="Linear";ed="In";};["Head"]={cf=cfr(0,0,0,.997,.043,-.066,-.019,.942,.334,.076,-.332,.94);es="Linear";ed="In";};["LeftUpperLeg"]={cf=cfr(0,0,0,.983,-.072,-.171,-.05,.786,-.616,.178,.614,.769);es="Linear";ed="In";};["LeftLowerLeg"]={cf=cfr(0,0,0,.991,-.12,-.057,.12,.629,.768,-.056,-.768,.638);es="Linear";ed="In";};["LeftFoot"]={cf=cfr(0,0,0,.99,.09,.108,-.082,.994,-.075,-.114,.065,.991);es="Linear";ed="In";};["RightUpperLeg"]={cf=cfr(0,0,0,.98,-.197,-.038,.198,.98,.035,.031,-.042,.999);es="Linear";ed="In";};["RightLowerLeg"]={cf=cfr(0,0,0,1,.008,.006,-.008,.298,.955,.006,-.955,.298);es="Linear";ed="In";};["RightFoot"]={cf=cfr(0,0,0,.99,.071,-.12,-.082,.993,-.089,.113,.098,.989);es="Linear";ed="In";};["Armature"]={cf=cfr(0,0,0,-1,0,0,0,1,0,0,0,-1);es="Linear";ed="In";};["RootNode"]={cf=cfr(0,0,0,-1,0,0,0,1,0,0,0,-1);es="Linear";ed="In";};};{tm=.433;["LowerTorso"]={cf=cfr(-.627,-.131,.035,.538,.017,.843,.032,.999,-.041,-.842,.049,.537);es="Linear";ed="In";};["UpperTorso"]={cf=cfr(0,0,0,.998,.006,.065,-.029,.931,.363,-.058,-.364,.929);es="Linear";ed="In";};["LeftUpperArm"]={cf=cfr(0,0,0,.925,.376,.058,-.379,.898,.223,.032,-.228,.973);es="Linear";ed="In";};["LeftLowerArm"]={cf=cfr(0,0,0,.864,.098,-.493,-.466,.524,-.713,.189,.846,.498);es="Linear";ed="In";};["LeftHand"]={cf=cfr(0,0,0,.954,.148,.259,-.088,.969,-.229,-.285,.196,.938);es="Linear";ed="In";};["RightUpperArm"]={cf=cfr(0,0,0,.892,-.383,.24,.362,.923,.128,-.27,-.027,.962);es="Linear";ed="In";};["RightLowerArm"]={cf=cfr(0,0,0,.861,-.12,.495,.453,.623,-.637,-.232,.773,.591);es="Linear";ed="In";};["RightHand"]={cf=cfr(0,0,0,.988,-.096,-.12,.071,.979,-.192,.136,.182,.974);es="Linear";ed="In";};["Head"]={cf=cfr(0,0,0,.997,.031,-.069,-.004,.931,.365,.076,-.364,.928);es="Linear";ed="In";};["LeftUpperLeg"]={cf=cfr(0,0,0,.985,-.066,-.161,-.042,.807,-.589,.169,.587,.792);es="Linear";ed="In";};["LeftLowerLeg"]={cf=cfr(0,0,0,.992,-.119,-.05,.119,.695,.709,-.05,-.709,.703);es="Linear";ed="In";};["LeftFoot"]={cf=cfr(0,0,0,.988,.107,.114,-.102,.994,-.046,-.118,.034,.992);es="Linear";ed="In";};["RightUpperLeg"]={cf=cfr(0,0,0,.975,-.221,.02,.222,.97,-.096,.002,.098,.995);es="Linear";ed="In";};["RightLowerLeg"]={cf=cfr(0,0,0,1,.018,.019,-.018,-.037,.999,.019,-.999,-.036);es="Linear";ed="In";};["RightFoot"]={cf=cfr(0,0,0,.994,.082,-.07,-.084,.996,-.024,.067,.03,.997);es="Linear";ed="In";};["Armature"]={cf=cfr(0,0,0,-1,0,0,0,1,0,0,0,-1);es="Linear";ed="In";};["RootNode"]={cf=cfr(0,0,0,-1,0,0,0,1,0,0,0,-1);es="Linear";ed="In";};};{tm=.467;["LowerTorso"]={cf=cfr(-.583,-.058,.056,.532,.022,.846,.047,.997,-.055,-.845,.069,.53);es="Linear";ed="In";};["UpperTorso"]={cf=cfr(0,0,0,1,.008,.02,-.016,.909,.416,-.015,-.416,.909);es="Linear";ed="In";};["LeftUpperArm"]={cf=cfr(0,0,0,.903,.42,.092,-.429,.87,.242,.022,-.258,.966);es="Linear";ed="In";};["LeftLowerArm"]={cf=cfr(0,0,0,.844,.153,-.514,-.535,.315,-.784,.042,.937,.348);es="Linear";ed="In";};["LeftHand"]={cf=cfr(0,0,0,.956,.142,.258,-.083,.971,-.225,-.283,.193,.94);es="Linear";ed="In";};["RightUpperArm"]={cf=cfr(0,0,0,.869,-.432,.239,.412,.902,.13,-.272,-.014,.962);es="Linear";ed="In";};["RightLowerArm"]={cf=cfr(0,0,0,.864,-.093,.495,.455,.566,-.688,-.216,.819,.531);es="Linear";ed="In";};["RightHand"]={cf=cfr(0,0,0,.988,-.101,-.118,.076,.977,-.2,.136,.188,.973);es="Linear";ed="In";};["Head"]={cf=cfr(0,0,0,.994,.019,-.103,.026,.905,.424,.101,-.424,.9);es="Linear";ed="In";};["LeftUpperLeg"]={cf=cfr(0,0,0,.991,-.03,-.127,-.042,.85,-.525,.123,.526,.841);es="Linear";ed="In";};["LeftLowerLeg"]={cf=cfr(0,0,0,.993,-.114,-.037,.114,.803,.585,-.037,-.585,.81);es="Linear";ed="In";};["LeftFoot"]={cf=cfr(0,0,0,.993,.073,.089,-.083,.99,.118,-.079,-.125,.989);es="Linear";ed="In";};["RightUpperLeg"]={cf=cfr(0,0,0,.977,-.195,.086,.212,.939,-.272,-.028,.284,.959);es="Linear";ed="In";};["RightLowerLeg"]={cf=cfr(0,0,0,.997,.041,.058,-.043,-.304,.952,.056,-.952,-.301);es="Linear";ed="In";};["RightFoot"]={cf=cfr(0,0,0,.997,.057,.049,-.061,.994,.093,-.043,-.095,.995);es="Linear";ed="In";};["Armature"]={cf=cfr(0,0,0,-1,0,0,0,1,0,0,0,-1);es="Linear";ed="In";};["RootNode"]={cf=cfr(0,0,0,-1,0,0,0,1,0,0,0,-1);es="Linear";ed="In";};};{tm=.5;["LowerTorso"]={cf=cfr(-.557,-.01,.068,.526,.022,.85,.066,.996,-.067,-.848,.091,.522);es="Linear";ed="In";};["UpperTorso"]={cf=cfr(0,0,0,.999,.042,.021,-.046,.885,.462,.001,-.463,.886);es="Linear";ed="In";};["LeftUpperArm"]={cf=cfr(0,0,0,.869,.488,.079,-.492,.838,.235,.048,-.243,.969);es="Linear";ed="In";};["LeftLowerArm"]={cf=cfr(0,0,0,.84,.149,-.521,-.541,.175,-.823,-.032,.973,.227);es="Linear";ed="In";};["LeftHand"]={cf=cfr(0,0,0,.957,.139,.256,-.081,.971,-.224,-.28,.194,.94);es="Linear";ed="In";};["RightUpperArm"]={cf=cfr(0,0,0,.845,-.484,.226,.463,.875,.142,-.266,-.016,.964);es="Linear";ed="In";};["RightLowerArm"]={cf=cfr(0,0,0,.872,-.101,.479,.459,.51,-.728,-.17,.854,.491);es="Linear";ed="In";};["RightHand"]={cf=cfr(0,0,0,.988,-.104,-.118,.078,.976,-.204,.136,.192,.972);es="Linear";ed="In";};["Head"]={cf=cfr(0,0,0,.992,.002,-.124,.055,.887,.459,.111,-.463,.88);es="Linear";ed="In";};["LeftUpperLeg"]={cf=cfr(0,0,0,.995,.006,-.104,-.053,.887,-.459,.09,.462,.882);es="Linear";ed="In";};["LeftLowerLeg"]={cf=cfr(0,0,0,.993,-.118,-.03,.118,.874,.47,-.03,-.471,.882);es="Linear";ed="In";};["LeftFoot"]={cf=cfr(0,0,0,.995,.051,.08,-.067,.975,.21,-.068,-.215,.974);es="Linear";ed="In";};["RightUpperLeg"]={cf=cfr(0,0,0,.969,-.215,.123,.246,.893,-.376,-.029,.394,.919);es="Linear";ed="In";};["RightLowerLeg"]={cf=cfr(0,0,0,.996,.048,.079,-.056,-.376,.925,.074,-.925,-.372);es="Linear";ed="In";};["RightFoot"]={cf=cfr(0,0,0,.994,.05,.098,-.063,.989,.137,-.09,-.143,.986);es="Linear";ed="In";};["Armature"]={cf=cfr(0,0,0,-1,0,0,0,1,0,0,0,-1);es="Linear";ed="In";};["RootNode"]={cf=cfr(0,0,0,-1,0,0,0,1,0,0,0,-1);es="Linear";ed="In";};};{tm=.533;["LowerTorso"]={cf=cfr(-.499,.061,.088,.517,.007,.856,.094,.994,-.064,-.851,.113,.513);es="Linear";ed="In";};["UpperTorso"]={cf=cfr(0,0,0,.997,.081,-.008,-.066,.867,.494,.047,-.492,.87);es="Linear";ed="In";};["LeftUpperArm"]={cf=cfr(0,0,0,.81,.574,.12,-.586,.781,.217,.03,-.246,.969);es="Linear";ed="In";};["LeftLowerArm"]={cf=cfr(0,0,0,.826,.132,-.548,-.558,.055,-.828,-.079,.99,.12);es="Linear";ed="In";};["LeftHand"]={cf=cfr(0,0,0,.958,.138,.253,-.08,.971,-.225,-.277,.196,.941);es="Linear";ed="In";};["RightUpperArm"]={cf=cfr(0,0,0,.797,-.566,.211,.546,.824,.149,-.258,-.004,.966);es="Linear";ed="In";};["RightLowerArm"]={cf=cfr(0,0,0,.862,-.058,.503,.466,.479,-.744,-.198,.876,.44);es="Linear";ed="In";};["RightHand"]={cf=cfr(0,0,0,.988,-.104,-.118,.078,.975,-.207,.136,.196,.971);es="Linear";ed="In";};["Head"]={cf=cfr(0,0,0,.989,.006,-.151,.067,.878,.474,.135,-.479,.867);es="Linear";ed="In";};["LeftUpperLeg"]={cf=cfr(0,0,0,.995,.023,-.093,-.056,.924,-.379,.077,.382,.921);es="Linear";ed="In";};["LeftLowerLeg"]={cf=cfr(0,0,0,.993,-.117,-.021,.117,.928,.353,-.021,-.353,.935);es="Linear";ed="In";};["LeftFoot"]={cf=cfr(0,0,0,.998,.028,.058,-.046,.946,.32,-.046,-.322,.946);es="Linear";ed="In";};["RightUpperLeg"]={cf=cfr(0,0,0,.964,-.193,.185,.265,.766,-.586,-.029,.614,.789);es="Linear";ed="In";};["RightLowerLeg"]={cf=cfr(0,0,0,.991,.067,.116,-.067,-.504,.861,.116,-.861,-.495);es="Linear";ed="In";};["RightFoot"]={cf=cfr(0,0,0,.988,.022,.15,-.069,.948,.312,-.136,-.318,.938);es="Linear";ed="In";};["Armature"]={cf=cfr(0,0,0,-1,0,0,0,1,0,0,0,-1);es="Linear";ed="In";};["RootNode"]={cf=cfr(0,0,0,-1,0,0,0,1,0,0,0,-1);es="Linear";ed="In";};};{tm=.567;["LowerTorso"]={cf=cfr(-.436,.121,.08,.481,.008,.877,.122,.99,-.076,-.868,.143,.475);es="Linear";ed="In";};["UpperTorso"]={cf=cfr(0,0,0,.994,.114,.002,-.098,.85,.518,.058,-.515,.855);es="Linear";ed="In";};["LeftUpperArm"]={cf=cfr(0,0,0,.715,.693,.089,-.699,.709,.094,.002,-.129,.992);es="Linear";ed="In";};["LeftLowerArm"]={cf=cfr(0,0,0,.83,.135,-.541,-.551,.046,-.833,-.087,.99,.112);es="Linear";ed="In";};["LeftHand"]={cf=cfr(0,0,0,.958,.141,.249,-.082,.969,-.231,-.274,.201,.941);es="Linear";ed="In";};["RightUpperArm"]={cf=cfr(0,0,0,.81,-.571,.132,.544,.816,.193,-.218,-.085,.972);es="Linear";ed="In";};["RightLowerArm"]={cf=cfr(0,0,0,.854,-.07,.515,.488,.451,-.748,-.18,.89,.419);es="Linear";ed="In";};["RightHand"]={cf=cfr(0,0,0,.988,-.101,-.117,.075,.975,-.209,.135,.197,.971);es="Linear";ed="In";};["Head"]={cf=cfr(0,0,0,.991,-.047,-.125,.099,.886,.454,.089,-.462,.882);es="Linear";ed="In";};["LeftUpperLeg"]={cf=cfr(0,0,0,.998,.043,-.042,-.053,.956,-.287,.028,.289,.957);es="Linear";ed="In";};["LeftLowerLeg"]={cf=cfr(0,0,0,.982,-.183,-.038,.184,.901,.394,-.038,-.394,.918);es="Linear";ed="In";};["LeftFoot"]={cf=cfr(0,0,0,.998,.033,-.049,-.014,.936,.351,.058,-.35,.935);es="Linear";ed="In";};["RightUpperLeg"]={cf=cfr(0,0,0,.982,-.093,.164,.186,.613,-.768,-.029,.785,.619);es="Linear";ed="In";};["RightLowerLeg"]={cf=cfr(0,0,0,.968,.121,.22,-.121,-.541,.832,.22,-.832,-.509);es="Linear";ed="In";};["RightFoot"]={cf=cfr(0,0,0,.978,.007,.207,-.038,.989,.144,-.203,-.149,.968);es="Linear";ed="In";};["Armature"]={cf=cfr(0,0,0,-1,0,0,0,1,0,0,0,-1);es="Linear";ed="In";};["RootNode"]={cf=cfr(0,0,0,-1,0,0,0,1,0,0,0,-1);es="Linear";ed="In";};};{tm=.6;["LowerTorso"]={cf=cfr(-.383,.145,.066,.504,.03,.863,.139,.983,-.116,-.852,.179,.492);es="Linear";ed="In";};["UpperTorso"]={cf=cfr(0,0,0,.99,.136,.035,-.134,.84,.525,.042,-.525,.85);es="Linear";ed="In";};["LeftUpperArm"]={cf=cfr(0,0,0,.665,.747,.017,-.747,.665,-.006,-.016,-.009,1);es="Linear";ed="In";};["LeftLowerArm"]={cf=cfr(0,0,0,.837,.162,-.522,-.536,.06,-.842,-.105,.985,.138);es="Linear";ed="In";};["LeftHand"]={cf=cfr(0,0,0,.959,.145,.244,-.085,.967,-.241,-.271,.21,.939);es="Linear";ed="In";};["RightUpperArm"]={cf=cfr(0,0,0,.81,-.57,.136,.537,.815,.218,-.235,-.103,.966);es="Linear";ed="In";};["RightLowerArm"]={cf=cfr(0,0,0,.855,-.072,.514,.49,.437,-.754,-.17,.896,.409);es="Linear";ed="In";};["RightHand"]={cf=cfr(0,0,0,.988,-.096,-.118,.07,.977,-.203,.135,.193,.972);es="Linear";ed="In";};["Head"]={cf=cfr(0,0,0,.99,-.079,-.115,.123,.886,.447,.066,-.457,.887);es="Linear";ed="In";};["LeftUpperLeg"]={cf=cfr(0,0,0,.999,.033,-.01,-.034,.988,-.15,.004,.151,.989);es="Linear";ed="In";};["LeftLowerLeg"]={cf=cfr(0,0,0,.976,-.211,-.048,.211,.879,.426,-.048,-.426,.903);es="Linear";ed="In";};["LeftFoot"]={cf=cfr(0,0,0,.994,.01,-.106,.028,.936,.35,.103,-.351,.931);es="Linear";ed="In";};["RightUpperLeg"]={cf=cfr(0,0,0,.99,.05,.133,.096,.456,-.885,-.105,.889,.447);es="Linear";ed="In";};["RightLowerLeg"]={cf=cfr(0,0,0,.957,.154,.246,-.154,-.447,.881,.246,-.881,-.404);es="Linear";ed="In";};["RightFoot"]={cf=cfr(0,0,0,.963,.002,.271,-.061,.976,.21,-.264,-.219,.939);es="Linear";ed="In";};["Armature"]={cf=cfr(0,0,0,-1,0,0,0,1,0,0,0,-1);es="Linear";ed="In";};["RootNode"]={cf=cfr(0,0,0,-1,0,0,0,1,0,0,0,-1);es="Linear";ed="In";};};{tm=.633;["LowerTorso"]={cf=cfr(-.347,.136,.05,.483,.042,.875,.163,.977,-.137,-.861,.209,.465);es="Linear";ed="In";};["UpperTorso"]={cf=cfr(0,0,0,.98,.196,-.013,-.161,.839,.52,.113,-.508,.854);es="Linear";ed="In";};["LeftUpperArm"]={cf=cfr(0,0,0,.681,.729,-.067,-.732,.675,-.089,-.02,.109,.994);es="Linear";ed="In";};["LeftLowerArm"]={cf=cfr(0,0,0,.817,.226,-.531,-.554,.052,-.831,-.16,.973,.168);es="Linear";ed="In";};["LeftHand"]={cf=cfr(0,0,0,.96,.148,.238,-.086,.964,-.253,-.266,.223,.938);es="Linear";ed="In";};["RightUpperArm"]={cf=cfr(0,0,0,.815,-.555,.166,.523,.828,.201,-.249,-.077,.965);es="Linear";ed="In";};["RightLowerArm"]={cf=cfr(0,0,0,.848,-.087,.523,.507,.423,-.751,-.155,.902,.403);es="Linear";ed="In";};["RightHand"]={cf=cfr(0,0,0,.989,-.09,-.12,.065,.979,-.195,.135,.185,.973);es="Linear";ed="In";};["Head"]={cf=cfr(0,0,0,.99,-.085,-.117,.129,.882,.453,.065,-.463,.884);es="Linear";ed="In";};["LeftUpperLeg"]={cf=cfr(0,0,0,.999,.029,.029,-.028,.998,-.053,-.031,.052,.998);es="Linear";ed="In";};["LeftLowerLeg"]={cf=cfr(0,0,0,.975,-.217,-.05,.217,.875,.433,-.05,-.433,.9);es="Linear";ed="In";};["LeftFoot"]={cf=cfr(0,0,0,.991,-.017,-.136,.061,.943,.327,.123,-.333,.935);es="Linear";ed="In";};["RightUpperLeg"]={cf=cfr(0,0,0,.986,.141,.092,.032,.375,-.927,-.165,.916,.365);es="Linear";ed="In";};["RightLowerLeg"]={cf=cfr(0,0,0,.958,.172,.229,-.172,-.294,.94,.229,-.94,-.252);es="Linear";ed="In";};["RightFoot"]={cf=cfr(0,0,0,.967,.022,.254,-.035,.998,.047,-.253,-.055,.966);es="Linear";ed="In";};["Armature"]={cf=cfr(0,0,0,-1,0,0,0,1,0,0,0,-1);es="Linear";ed="In";};["RootNode"]={cf=cfr(0,0,0,-1,0,0,0,1,0,0,0,-1);es="Linear";ed="In";};};{tm=.667;["LowerTorso"]={cf=cfr(-.318,.132,.032,.438,.074,.896,.168,.972,-.162,-.883,.221,.413);es="Linear";ed="In";};["UpperTorso"]={cf=cfr(0,0,0,.976,.204,-.072,-.136,.838,.528,.168,-.506,.846);es="Linear";ed="In";};["LeftUpperArm"]={cf=cfr(0,0,0,.662,.727,-.183,-.748,.655,-.105,.044,.206,.978);es="Linear";ed="In";};["LeftLowerArm"]={cf=cfr(0,0,0,.799,.197,-.569,-.569,-.063,-.82,-.197,.978,.062);es="Linear";ed="In";};["LeftHand"]={cf=cfr(0,0,0,.961,.151,.233,-.088,.961,-.261,-.264,.23,.937);es="Linear";ed="In";};["RightUpperArm"]={cf=cfr(0,0,0,.845,-.493,.209,.458,.868,.194,-.277,-.068,.958);es="Linear";ed="In";};["RightLowerArm"]={cf=cfr(0,0,0,.844,-.122,.523,.518,.437,-.735,-.139,.891,.432);es="Linear";ed="In";};["RightHand"]={cf=cfr(0,0,0,.989,-.084,-.118,.06,.98,-.192,.132,.183,.974);es="Linear";ed="In";};["Head"]={cf=cfr(0,0,0,.989,-.095,-.113,.135,.891,.433,.06,-.443,.894);es="Linear";ed="In";};["LeftUpperLeg"]={cf=cfr(0,0,0,1,.013,.014,-.013,1,-.015,-.015,.015,1);es="Linear";ed="In";};["LeftLowerLeg"]={cf=cfr(0,0,0,.979,-.197,-.046,.197,.875,.442,-.047,-.442,.896);es="Linear";ed="In";};["LeftFoot"]={cf=cfr(0,0,0,.993,-.028,-.114,.061,.953,.296,.1,-.301,.949);es="Linear";ed="In";};["RightUpperLeg"]={cf=cfr(0,0,0,.979,.176,.101,.025,.388,-.921,-.201,.905,.376);es="Linear";ed="In";};["RightLowerLeg"]={cf=cfr(0,0,0,.97,.153,.188,-.153,-.217,.964,.188,-.964,-.187);es="Linear";ed="In";};["RightFoot"]={cf=cfr(0,0,0,.966,.032,.255,-.053,.996,.078,-.252,-.089,.964);es="Linear";ed="In";};["Armature"]={cf=cfr(0,0,0,-1,0,0,0,1,0,0,0,-1);es="Linear";ed="In";};["RootNode"]={cf=cfr(0,0,0,-1,0,0,0,1,0,0,0,-1);es="Linear";ed="In";};};{tm=.7;["LowerTorso"]={cf=cfr(-.286,.115,.027,.384,.092,.919,.178,.969,-.171,-.906,.229,.356);es="Linear";ed="In";};["UpperTorso"]={cf=cfr(0,0,0,.967,.226,-.118,-.133,.841,.525,.218,-.492,.843);es="Linear";ed="In";};["LeftUpperArm"]={cf=cfr(0,0,0,.682,.658,-.32,-.722,.675,-.151,.117,.333,.936);es="Linear";ed="In";};["LeftLowerArm"]={cf=cfr(0,0,0,.79,.193,-.582,-.582,-.064,-.811,-.193,.979,.062);es="Linear";ed="In";};["LeftHand"]={cf=cfr(0,0,0,.962,.153,.228,-.089,.959,-.267,-.26,.237,.936);es="Linear";ed="In";};["RightUpperArm"]={cf=cfr(0,0,0,.86,-.448,.245,.411,.892,.19,-.303,-.063,.951);es="Linear";ed="In";};["RightLowerArm"]={cf=cfr(0,0,0,.84,-.142,.523,.528,.435,-.729,-.124,.889,.441);es="Linear";ed="In";};["RightHand"]={cf=cfr(0,0,0,.99,-.079,-.118,.055,.98,-.189,.13,.18,.975);es="Linear";ed="In";};["Head"]={cf=cfr(0,0,0,.989,-.095,-.114,.135,.9,.415,.063,-.426,.903);es="Linear";ed="In";};["LeftUpperLeg"]={cf=cfr(0,0,0,.999,-.002,.041,0,.999,.046,-.041,-.046,.998);es="Linear";ed="In";};["LeftLowerLeg"]={cf=cfr(0,0,0,.98,-.192,-.043,.192,.888,.418,-.042,-.418,.908);es="Linear";ed="In";};["LeftFoot"]={cf=cfr(0,0,0,.991,-.041,-.13,.071,.969,.235,.116,-.242,.963);es="Linear";ed="In";};["RightUpperLeg"]={cf=cfr(0,0,0,.977,.183,.106,.017,.431,-.902,-.211,.884,.418);es="Linear";ed="In";};["RightLowerLeg"]={cf=cfr(0,0,0,.985,.129,.116,-.129,.1,.987,.116,-.987,.115);es="Linear";ed="In";};["RightFoot"]={cf=cfr(0,0,0,.968,.082,.238,-.054,.991,-.123,-.246,.106,.963);es="Linear";ed="In";};["Armature"]={cf=cfr(0,0,0,-1,0,0,0,1,0,0,0,-1);es="Linear";ed="In";};["RootNode"]={cf=cfr(0,0,0,-1,0,0,0,1,0,0,0,-1);es="Linear";ed="In";};};{tm=.733;["LowerTorso"]={cf=cfr(-.248,.081,.013,.31,.088,.947,.199,.968,-.155,-.93,.237,.283);es="Linear";ed="In";};["UpperTorso"]={cf=cfr(0,0,0,.953,.26,-.156,-.149,.849,.507,.265,-.46,.847);es="Linear";ed="In";};["LeftUpperArm"]={cf=cfr(0,0,0,.693,.584,-.423,-.705,.672,-.226,.153,.455,.877);es="Linear";ed="In";};["LeftLowerArm"]={cf=cfr(0,0,0,.779,.189,-.598,-.611,.011,-.792,-.143,.982,.124);es="Linear";ed="In";};["LeftHand"]={cf=cfr(0,0,0,.962,.155,.224,-.09,.958,-.274,-.257,.243,.935);es="Linear";ed="In";};["RightUpperArm"]={cf=cfr(0,0,0,.88,-.421,.219,.389,.905,.175,-.272,-.069,.96);es="Linear";ed="In";};["RightLowerArm"]={cf=cfr(0,0,0,.842,-.164,.513,.529,.434,-.729,-.103,.886,.452);es="Linear";ed="In";};["RightHand"]={cf=cfr(0,0,0,.99,-.075,-.118,.052,.981,-.185,.129,.177,.976);es="Linear";ed="In";};["Head"]={cf=cfr(0,0,0,.99,-.064,-.125,.107,.921,.375,.091,-.385,.919);es="Linear";ed="In";};["LeftUpperLeg"]={cf=cfr(0,0,0,.998,-.008,.066,.005,.999,.041,-.066,-.04,.997);es="Linear";ed="In";};["LeftLowerLeg"]={cf=cfr(0,0,0,.986,-.162,-.037,.162,.886,.433,-.037,-.433,.9);es="Linear";ed="In";};["LeftFoot"]={cf=cfr(0,0,0,.998,-.039,-.04,.042,.997,.067,.037,-.069,.997);es="Linear";ed="In";};["RightUpperLeg"]={cf=cfr(0,0,0,.982,.152,.111,.006,.563,-.826,-.188,.812,.552);es="Linear";ed="In";};["RightLowerLeg"]={cf=cfr(0,0,0,.996,.082,.04,-.082,.616,.784,.04,-.784,.62);es="Linear";ed="In";};["RightFoot"]={cf=cfr(0,0,0,.989,.089,.118,-.065,.979,-.192,-.132,.182,.974);es="Linear";ed="In";};["Armature"]={cf=cfr(0,0,0,-1,0,0,0,1,0,0,0,-1);es="Linear";ed="In";};["RootNode"]={cf=cfr(0,0,0,-1,0,0,0,1,0,0,0,-1);es="Linear";ed="In";};};{tm=.767;["LowerTorso"]={cf=cfr(-.235,.031,-.013,.335,.086,.938,.181,.971,-.154,-.925,.222,.31);es="Linear";ed="In";};["UpperTorso"]={cf=cfr(0,0,0,.966,.215,-.14,-.128,.876,.466,.223,-.432,.874);es="Linear";ed="In";};["LeftUpperArm"]={cf=cfr(0,0,0,.681,.57,-.46,-.706,.677,-.206,.194,.465,.864);es="Linear";ed="In";};["LeftLowerArm"]={cf=cfr(0,0,0,.821,.168,-.546,-.561,.061,-.825,-.105,.984,.144);es="Linear";ed="In";};["LeftHand"]={cf=cfr(0,0,0,.963,.156,.219,-.091,.955,-.281,-.253,.251,.934);es="Linear";ed="In";};["RightUpperArm"]={cf=cfr(0,0,0,.886,-.392,.249,.353,.917,.187,-.302,-.078,.95);es="Linear";ed="In";};["RightLowerArm"]={cf=cfr(0,0,0,.857,-.17,.487,.51,.425,-.748,-.08,.889,.451);es="Linear";ed="In";};["RightHand"]={cf=cfr(0,0,0,.991,-.07,-.117,.048,.983,-.179,.127,.172,.977);es="Linear";ed="In";};["Head"]={cf=cfr(0,0,0,.991,-.05,-.126,.091,.932,.349,.1,-.358,.928);es="Linear";ed="In";};["LeftUpperLeg"]={cf=cfr(0,0,0,.997,-.074,.034,.073,.997,.039,-.037,-.036,.999);es="Linear";ed="In";};["LeftLowerLeg"]={cf=cfr(0,0,0,.991,-.132,-.03,.132,.892,.432,-.03,-.432,.901);es="Linear";ed="In";};["LeftFoot"]={cf=cfr(0,0,0,.996,.016,.086,-.006,.992,-.122,-.087,.121,.989);es="Linear";ed="In";};["RightUpperLeg"]={cf=cfr(0,0,0,.982,.138,.127,.008,.645,-.764,-.187,.751,.633);es="Linear";ed="In";};["RightLowerLeg"]={cf=cfr(0,0,0,.998,.059,.016,-.059,.861,.505,.016,-.505,.863);es="Linear";ed="In";};["RightFoot"]={cf=cfr(0,0,0,.992,.112,.058,-.101,.981,-.167,-.076,.16,.984);es="Linear";ed="In";};["Armature"]={cf=cfr(0,0,0,-1,0,0,0,1,0,0,0,-1);es="Linear";ed="In";};["RootNode"]={cf=cfr(0,0,0,-1,0,0,0,1,0,0,0,-1);es="Linear";ed="In";};};{tm=.8;["LowerTorso"]={cf=cfr(-.215,.003,-.025,.355,.084,.931,.184,.97,-.158,-.917,.227,.329);es="Linear";ed="In";};["UpperTorso"]={cf=cfr(0,0,0,.97,.205,-.133,-.121,.876,.467,.212,-.436,.874);es="Linear";ed="In";};["LeftUpperArm"]={cf=cfr(0,0,0,.694,.575,-.